;PC Software:StarLab Version 2.10 Build 25
;Logged:20/09/2022 at 17:14:11
;File Version:3
;Graph Type:Line
;Notes:                                                            

;Channel A:Nova II Photodiode PD300-3W-v1 (s/n:763106)  NN2.52 (s/n:767396)
;Channel B:Vega Thermopile 10A-V1.1 (s/n:693380)  VG2.44 (s/n:858327)

;Channel A:Details
;Name:PD300-3W-v1
;Graph Color:RGB(0,102,255)
;Units:W
;Settings:Measuring:Power
;Settings:Wavelength:1064
;Settings:Range:AUTO
;Settings:Filter:IN

;Channel B:Details
;Name:10A-V1.1
;Graph Color:RGB(154,0,0)
;Units:W
;Settings:Measuring:Power
;Settings:Laser:.8-6
;Settings:Range:AUTO
;--------------------


;First Pulse Arrived : 20/09/2022 at 17:14:11.452000
  Timestamp   	  Channel A  	  Channel B  	
         0.000	             	  3.525e-001 	
         0.029	  9.650e-003 	             	
         0.064	             	  3.525e-001 	
         0.093	  9.620e-003 	             	
         0.128	             	  3.525e-001 	
         0.157	  9.670e-003 	             	
         0.192	             	  3.524e-001 	
         0.221	  9.640e-003 	             	
         0.285	  9.660e-003 	             	
         0.288	             	  3.524e-001 	
         0.349	  9.670e-003 	             	
         0.352	             	  3.524e-001 	
         0.413	  9.640e-003 	             	
         0.418	             	  3.524e-001 	
         0.477	  9.610e-003 	             	
         0.480	             	  3.524e-001 	
         0.541	  9.610e-003 	             	
         0.544	             	  3.524e-001 	
         0.605	  9.660e-003 	             	
         0.608	             	  3.524e-001 	
         0.669	  9.650e-003 	             	
         0.672	             	  3.524e-001 	
         0.733	  9.650e-003 	             	
         0.736	             	  3.524e-001 	
         0.800	             	  3.524e-001 	
         0.829	  9.620e-003 	             	
         0.864	             	  3.524e-001 	
         0.893	  9.640e-003 	             	
         0.928	             	  3.525e-001 	
         0.957	  9.650e-003 	             	
         0.992	             	  3.526e-001 	
         1.021	  9.690e-003 	             	
         1.056	             	  3.526e-001 	
         1.085	  9.630e-003 	             	
         1.149	  9.630e-003 	             	
         1.152	             	  3.526e-001 	
         1.213	  9.640e-003 	             	
         1.216	             	  3.526e-001 	
         1.277	  9.620e-003 	             	
         1.280	             	  3.525e-001 	
         1.341	  9.650e-003 	             	
         1.344	             	  3.525e-001 	
         1.405	  9.650e-003 	             	
         1.408	             	  3.525e-001 	
         1.469	  9.640e-003 	             	
         1.472	             	  3.525e-001 	
         1.533	  9.640e-003 	             	
         1.536	             	  3.526e-001 	
         1.600	             	  3.525e-001 	
         1.629	  9.640e-003 	             	
         1.664	             	  3.525e-001 	
         1.693	  9.610e-003 	             	
         1.728	             	  3.524e-001 	
         1.757	  9.660e-003 	             	
         1.792	             	  3.524e-001 	
         1.821	  9.640e-003 	             	
         1.856	             	  3.523e-001 	
         1.885	  9.620e-003 	             	
         1.949	  9.610e-003 	             	
         1.952	             	  3.522e-001 	
         2.013	  9.640e-003 	             	
         2.016	             	  3.522e-001 	
         2.077	  9.640e-003 	             	
         2.080	             	  3.522e-001 	
         2.141	  9.620e-003 	             	
         2.143	             	  3.522e-001 	
         2.205	  9.610e-003 	             	
         2.208	             	  3.523e-001 	
         2.269	  9.660e-003 	             	
         2.271	             	  3.523e-001 	
         2.333	  9.620e-003 	             	
         2.336	             	  3.524e-001 	
         2.399	             	  3.525e-001 	
         2.429	  9.630e-003 	             	
         2.463	             	  3.524e-001 	
         2.493	  9.660e-003 	             	
         2.528	             	  3.524e-001 	
         2.557	  9.650e-003 	             	
         2.592	             	  3.523e-001 	
         2.621	  9.630e-003 	             	
         2.656	             	  3.523e-001 	
         2.685	  9.610e-003 	             	
         2.749	  9.620e-003 	             	
         2.751	             	  3.522e-001 	
         2.813	  9.660e-003 	             	
         2.816	             	  3.523e-001 	
         2.877	  9.620e-003 	             	
         2.880	             	  3.522e-001 	
         2.941	  9.640e-003 	             	
         2.944	             	  3.522e-001 	
         3.005	  9.660e-003 	             	
         3.008	             	  3.522e-001 	
         3.069	  9.680e-003 	             	
         3.072	             	  3.522e-001 	
         3.133	  9.670e-003 	             	
         3.135	             	  3.522e-001 	
         3.197	  9.680e-003 	             	
         3.199	             	  3.522e-001 	
         3.264	             	  3.522e-001 	
         3.293	  9.640e-003 	             	
         3.328	             	  3.523e-001 	
         3.357	  9.670e-003 	             	
         3.392	             	  3.522e-001 	
         3.421	  9.710e-003 	             	
         3.455	             	  3.522e-001 	
         3.485	  9.640e-003 	             	
         3.549	  9.670e-003 	             	
         3.552	             	  3.522e-001 	
         3.613	  9.730e-003 	             	
         3.615	             	  3.521e-001 	
         3.677	  9.740e-003 	             	
         3.680	             	  3.521e-001 	
         3.741	  9.750e-003 	             	
         3.743	             	  3.521e-001 	
         3.805	  9.720e-003 	             	
         3.807	             	  3.521e-001 	
         3.869	  9.740e-003 	             	
         3.871	             	  3.521e-001 	
         3.933	  9.780e-003 	             	
         3.936	             	  3.521e-001 	
         3.997	  9.770e-003 	             	
         3.999	             	  3.521e-001 	
         4.063	             	  3.521e-001 	
         4.093	  9.770e-003 	             	
         4.127	             	  3.521e-001 	
         4.157	  9.760e-003 	             	
         4.191	             	  3.520e-001 	
         4.221	  9.760e-003 	             	
         4.255	             	  3.520e-001 	
         4.285	  9.760e-003 	             	
         4.349	  9.730e-003 	             	
         4.351	             	  3.520e-001 	
         4.413	  9.760e-003 	             	
         4.415	             	  3.520e-001 	
         4.477	  9.720e-003 	             	
         4.479	             	  3.521e-001 	
         4.541	  9.760e-003 	             	
         4.543	             	  3.521e-001 	
         4.605	  9.770e-003 	             	
         4.607	             	  3.521e-001 	
         4.669	  9.800e-003 	             	
         4.671	             	  3.521e-001 	
         4.733	  9.740e-003 	             	
         4.735	             	  3.522e-001 	
         4.797	  9.770e-003 	             	
         4.800	             	  3.521e-001 	
         4.863	             	  3.521e-001 	
         4.893	  9.750e-003 	             	
         4.927	             	  3.520e-001 	
         4.957	  9.780e-003 	             	
         4.991	             	  3.520e-001 	
         5.021	  9.760e-003 	             	
         5.055	             	  3.520e-001 	
         5.084	  9.770e-003 	             	
         5.149	  9.770e-003 	             	
         5.151	             	  3.521e-001 	
         5.213	  9.770e-003 	             	
         5.215	             	  3.521e-001 	
         5.277	  9.770e-003 	             	
         5.279	             	  3.521e-001 	
         5.341	  9.800e-003 	             	
         5.343	             	  3.521e-001 	
         5.404	  9.750e-003 	             	
         5.407	             	  3.522e-001 	
         5.469	  9.750e-003 	             	
         5.471	             	  3.522e-001 	
         5.533	  9.760e-003 	             	
         5.535	             	  3.522e-001 	
         5.596	  9.750e-003 	             	
         5.599	             	  3.521e-001 	
         5.663	             	  3.521e-001 	
         5.693	  9.760e-003 	             	
         5.727	             	  3.521e-001 	
         5.756	  9.770e-003 	             	
         5.791	             	  3.521e-001 	
         5.820	  9.780e-003 	             	
         5.855	             	  3.522e-001 	
         5.884	  9.790e-003 	             	
         5.949	  9.780e-003 	             	
         5.951	             	  3.523e-001 	
         6.013	  9.790e-003 	             	
         6.015	             	  3.523e-001 	
         6.076	  9.740e-003 	             	
         6.079	             	  3.523e-001 	
         6.140	  9.740e-003 	             	
         6.143	             	  3.523e-001 	
         6.204	  9.790e-003 	             	
         6.207	             	  3.522e-001 	
         6.268	  9.760e-003 	             	
         6.271	             	  3.522e-001 	
         6.332	  9.740e-003 	             	
         6.335	             	  3.521e-001 	
         6.396	  9.770e-003 	             	
         6.399	             	  3.520e-001 	
         6.463	             	  3.520e-001 	
         6.492	  9.770e-003 	             	
         6.527	             	  3.519e-001 	
         6.556	  9.780e-003 	             	
         6.591	             	  3.519e-001 	
         6.620	  9.740e-003 	             	
         6.655	             	  3.519e-001 	
         6.684	  9.770e-003 	             	
         6.748	  9.750e-003 	             	
         6.751	             	  3.519e-001 	
         6.812	  9.770e-003 	             	
         6.815	             	  3.519e-001 	
         6.877	  9.760e-003 	             	
         6.879	             	  3.520e-001 	
         6.940	  9.790e-003 	             	
         6.943	             	  3.520e-001 	
         7.004	  9.760e-003 	             	
         7.007	             	  3.521e-001 	
         7.068	  9.760e-003 	             	
         7.071	             	  3.521e-001 	
         7.133	  9.810e-003 	             	
         7.135	             	  3.520e-001 	
         7.196	  9.780e-003 	             	
         7.199	             	  3.520e-001 	
         7.263	             	  3.521e-001 	
         7.292	  9.800e-003 	             	
         7.327	             	  3.522e-001 	
         7.356	  9.750e-003 	             	
         7.391	             	  3.522e-001 	
         7.420	  9.790e-003 	             	
         7.455	             	  3.522e-001 	
         7.484	  9.780e-003 	             	
         7.548	  9.780e-003 	             	
         7.551	             	  3.522e-001 	
         7.612	  9.730e-003 	             	
         7.615	             	  3.523e-001 	
         7.676	  9.760e-003 	             	
         7.679	             	  3.523e-001 	
         7.740	  9.740e-003 	             	
         7.743	             	  3.523e-001 	
         7.804	  9.740e-003 	             	
         7.807	             	  3.523e-001 	
         7.868	  9.790e-003 	             	
         7.871	             	  3.523e-001 	
         7.932	  9.790e-003 	             	
         7.935	             	  3.523e-001 	
         7.996	  9.770e-003 	             	
         7.999	             	  3.523e-001 	
         8.063	             	  3.522e-001 	
         8.092	  9.780e-003 	             	
         8.127	             	  3.522e-001 	
         8.156	  9.780e-003 	             	
         8.191	             	  3.522e-001 	
         8.220	  9.750e-003 	             	
         8.255	             	  3.522e-001 	
         8.284	  9.750e-003 	             	
         8.348	  9.770e-003 	             	
         8.351	             	  3.521e-001 	
         8.412	  9.780e-003 	             	
         8.415	             	  3.521e-001 	
         8.476	  9.740e-003 	             	
         8.479	             	  3.521e-001 	
         8.540	  9.750e-003 	             	
         8.543	             	  3.521e-001 	
         8.604	  9.770e-003 	             	
         8.607	             	  3.521e-001 	
         8.668	  9.800e-003 	             	
         8.671	             	  3.521e-001 	
         8.732	  9.740e-003 	             	
         8.735	             	  3.520e-001 	
         8.796	  9.780e-003 	             	
         8.799	             	  3.521e-001 	
         8.863	             	  3.520e-001 	
         8.892	  9.730e-003 	             	
         8.927	             	  3.521e-001 	
         8.956	  9.750e-003 	             	
         8.991	             	  3.522e-001 	
         9.020	  9.740e-003 	             	
         9.055	             	  3.523e-001 	
         9.084	  9.800e-003 	             	
         9.148	  9.780e-003 	             	
         9.151	             	  3.523e-001 	
         9.212	  9.820e-003 	             	
         9.215	             	  3.524e-001 	
         9.276	  9.820e-003 	             	
         9.279	             	  3.524e-001 	
         9.340	  9.870e-003 	             	
         9.343	             	  3.524e-001 	
         9.404	  9.920e-003 	             	
         9.407	             	  3.523e-001 	
         9.468	  9.880e-003 	             	
         9.471	             	  3.523e-001 	
         9.532	  9.930e-003 	             	
         9.535	             	  3.523e-001 	
         9.596	  9.930e-003 	             	
         9.599	             	  3.523e-001 	
         9.663	             	  3.523e-001 	
         9.692	  9.970e-003 	             	
         9.727	             	  3.523e-001 	
         9.756	  1.000e-002 	             	
         9.791	             	  3.523e-001 	
         9.820	  1.002e-002 	             	
         9.855	             	  3.523e-001 	
         9.884	  1.009e-002 	             	
         9.948	  1.012e-002 	             	
         9.951	             	  3.523e-001 	
        10.012	  1.016e-002 	             	
        10.015	             	  3.522e-001 	
        10.076	  1.018e-002 	             	
        10.079	             	  3.522e-001 	
        10.140	  1.022e-002 	             	
        10.143	             	  3.521e-001 	
        10.204	  1.026e-002 	             	
        10.207	             	  3.521e-001 	
        10.268	  1.030e-002 	             	
        10.271	             	  3.522e-001 	
        10.332	  1.035e-002 	             	
        10.335	             	  3.523e-001 	
        10.396	  1.038e-002 	             	
        10.399	             	  3.523e-001 	
        10.463	             	  3.523e-001 	
        10.492	  1.046e-002 	             	
        10.527	             	  3.523e-001 	
        10.556	  1.052e-002 	             	
        10.591	             	  3.522e-001 	
        10.620	  1.060e-002 	             	
        10.655	             	  3.522e-001 	
        10.684	  1.067e-002 	             	
        10.748	  1.069e-002 	             	
        10.751	             	  3.523e-001 	
        10.812	  1.071e-002 	             	
        10.815	             	  3.524e-001 	
        10.876	  1.069e-002 	             	
        10.879	             	  3.524e-001 	
        10.940	  1.074e-002 	             	
        10.943	             	  3.525e-001 	
        11.004	  1.079e-002 	             	
        11.007	             	  3.525e-001 	
        11.068	  1.080e-002 	             	
        11.071	             	  3.525e-001 	
        11.132	  1.081e-002 	             	
        11.135	             	  3.525e-001 	
        11.196	  1.074e-002 	             	
        11.199	             	  3.524e-001 	
        11.263	             	  3.525e-001 	
        11.292	  1.077e-002 	             	
        11.327	             	  3.525e-001 	
        11.356	  1.080e-002 	             	
        11.391	             	  3.525e-001 	
        11.420	  1.079e-002 	             	
        11.455	             	  3.525e-001 	
        11.484	  1.080e-002 	             	
        11.548	  1.080e-002 	             	
        11.551	             	  3.526e-001 	
        11.612	  1.082e-002 	             	
        11.615	             	  3.526e-001 	
        11.676	  1.082e-002 	             	
        11.679	             	  3.526e-001 	
        11.740	  1.085e-002 	             	
        11.743	             	  3.526e-001 	
        11.804	  1.084e-002 	             	
        11.807	             	  3.527e-001 	
        11.868	  1.080e-002 	             	
        11.871	             	  3.527e-001 	
        11.932	  1.080e-002 	             	
        11.935	             	  3.527e-001 	
        11.996	  1.077e-002 	             	
        11.999	             	  3.527e-001 	
        12.063	             	  3.526e-001 	
        12.092	  1.072e-002 	             	
        12.127	             	  3.526e-001 	
        12.156	  1.075e-002 	             	
        12.191	             	  3.526e-001 	
        12.220	  1.068e-002 	             	
        12.255	             	  3.525e-001 	
        12.284	  1.077e-002 	             	
        12.319	             	  3.524e-001 	
        12.348	  1.083e-002 	             	
        12.412	  1.081e-002 	             	
        12.415	             	  3.524e-001 	
        12.476	  1.083e-002 	             	
        12.479	             	  3.524e-001 	
        12.540	  1.081e-002 	             	
        12.543	             	  3.525e-001 	
        12.604	  1.083e-002 	             	
        12.607	             	  3.526e-001 	
        12.668	  1.082e-002 	             	
        12.671	             	  3.527e-001 	
        12.732	  1.083e-002 	             	
        12.735	             	  3.528e-001 	
        12.796	  1.082e-002 	             	
        12.799	             	  3.529e-001 	
        12.863	             	  3.530e-001 	
        12.892	  1.081e-002 	             	
        12.927	             	  3.530e-001 	
        12.956	  1.077e-002 	             	
        12.991	             	  3.530e-001 	
        13.020	  1.080e-002 	             	
        13.055	             	  3.530e-001 	
        13.084	  1.080e-002 	             	
        13.119	             	  3.530e-001 	
        13.148	  1.076e-002 	             	
        13.212	  1.078e-002 	             	
        13.215	             	  3.530e-001 	
        13.276	  1.079e-002 	             	
        13.279	             	  3.530e-001 	
        13.340	  1.078e-002 	             	
        13.343	             	  3.530e-001 	
        13.404	  1.075e-002 	             	
        13.407	             	  3.530e-001 	
        13.468	  1.076e-002 	             	
        13.471	             	  3.530e-001 	
        13.532	  1.075e-002 	             	
        13.535	             	  3.530e-001 	
        13.596	  1.072e-002 	             	
        13.599	             	  3.530e-001 	
        13.663	             	  3.530e-001 	
        13.692	  1.079e-002 	             	
        13.727	             	  3.529e-001 	
        13.756	  1.067e-002 	             	
        13.791	             	  3.529e-001 	
        13.820	  1.072e-002 	             	
        13.855	             	  3.528e-001 	
        13.884	  1.074e-002 	             	
        13.919	             	  3.528e-001 	
        13.948	  1.079e-002 	             	
        14.012	  1.077e-002 	             	
        14.015	             	  3.528e-001 	
        14.076	  1.077e-002 	             	
        14.079	             	  3.528e-001 	
        14.140	  1.078e-002 	             	
        14.143	             	  3.529e-001 	
        14.204	  1.076e-002 	             	
        14.207	             	  3.529e-001 	
        14.268	  1.076e-002 	             	
        14.271	             	  3.530e-001 	
        14.332	  1.079e-002 	             	
        14.335	             	  3.530e-001 	
        14.396	  1.083e-002 	             	
        14.399	             	  3.530e-001 	
        14.463	             	  3.530e-001 	
        14.492	  1.077e-002 	             	
        14.527	             	  3.530e-001 	
        14.556	  1.079e-002 	             	
        14.591	             	  3.530e-001 	
        14.620	  1.083e-002 	             	
        14.655	             	  3.530e-001 	
        14.684	  1.080e-002 	             	
        14.719	             	  3.530e-001 	
        14.748	  1.074e-002 	             	
        14.812	  1.077e-002 	             	
        14.815	             	  3.530e-001 	
        14.876	  1.078e-002 	             	
        14.879	             	  3.530e-001 	
        14.940	  1.078e-002 	             	
        14.943	             	  3.530e-001 	
        15.004	  1.073e-002 	             	
        15.007	             	  3.530e-001 	
        15.068	  1.073e-002 	             	
        15.071	             	  3.530e-001 	
        15.132	  1.072e-002 	             	
        15.135	             	  3.529e-001 	
        15.196	  1.078e-002 	             	
        15.199	             	  3.528e-001 	
        15.263	             	  3.528e-001 	
        15.292	  1.081e-002 	             	
        15.327	             	  3.528e-001 	
        15.356	  1.080e-002 	             	
        15.391	             	  3.528e-001 	
        15.420	  1.076e-002 	             	
        15.455	             	  3.529e-001 	
        15.484	  1.079e-002 	             	
        15.519	             	  3.530e-001 	
        15.548	  1.079e-002 	             	
        15.612	  1.080e-002 	             	
        15.615	             	  3.531e-001 	
        15.676	  1.081e-002 	             	
        15.679	             	  3.531e-001 	
        15.740	  1.085e-002 	             	
        15.743	             	  3.531e-001 	
        15.804	  1.081e-002 	             	
        15.807	             	  3.531e-001 	
        15.869	  1.077e-002 	             	
        15.872	             	  3.531e-001 	
        15.933	  1.076e-002 	             	
        15.936	             	  3.531e-001 	
        15.997	  1.078e-002 	             	
        16.000	             	  3.531e-001 	
        16.064	             	  3.531e-001 	
        16.093	  1.080e-002 	             	
        16.128	             	  3.531e-001 	
        16.157	  1.078e-002 	             	
        16.192	             	  3.530e-001 	
        16.221	  1.074e-002 	             	
        16.256	             	  3.530e-001 	
        16.285	  1.078e-002 	             	
        16.320	             	  3.529e-001 	
        16.349	  1.077e-002 	             	
        16.413	  1.078e-002 	             	
        16.416	             	  3.529e-001 	
        16.477	  1.073e-002 	             	
        16.480	             	  3.528e-001 	
        16.541	  1.067e-002 	             	
        16.544	             	  3.527e-001 	
        16.605	  1.067e-002 	             	
        16.608	             	  3.527e-001 	
        16.669	  1.070e-002 	             	
        16.672	             	  3.527e-001 	
        16.733	  1.068e-002 	             	
        16.736	             	  3.526e-001 	
        16.797	  1.067e-002 	             	
        16.800	             	  3.524e-001 	
        16.861	  1.072e-002 	             	
        16.864	             	  3.524e-001 	
        16.928	             	  3.523e-001 	
        16.957	  1.075e-002 	             	
        16.992	             	  3.524e-001 	
        17.021	  1.070e-002 	             	
        17.056	             	  3.525e-001 	
        17.085	  1.071e-002 	             	
        17.120	             	  3.526e-001 	
        17.149	  1.071e-002 	             	
        17.213	  1.066e-002 	             	
        17.216	             	  3.527e-001 	
        17.277	  1.068e-002 	             	
        17.280	             	  3.527e-001 	
        17.341	  1.065e-002 	             	
        17.344	             	  3.526e-001 	
        17.405	  1.070e-002 	             	
        17.408	             	  3.526e-001 	
        17.469	  1.069e-002 	             	
        17.472	             	  3.526e-001 	
        17.533	  1.068e-002 	             	
        17.536	             	  3.526e-001 	
        17.597	  1.068e-002 	             	
        17.600	             	  3.526e-001 	
        17.661	  1.068e-002 	             	
        17.664	             	  3.526e-001 	
        17.728	             	  3.527e-001 	
        17.757	  1.076e-002 	             	
        17.792	             	  3.527e-001 	
        17.821	  1.067e-002 	             	
        17.856	             	  3.526e-001 	
        17.885	  1.067e-002 	             	
        17.920	             	  3.526e-001 	
        17.949	  1.066e-002 	             	
        18.013	  1.071e-002 	             	
        18.016	             	  3.525e-001 	
        18.077	  1.065e-002 	             	
        18.080	             	  3.525e-001 	
        18.141	  1.069e-002 	             	
        18.144	             	  3.525e-001 	
        18.205	  1.065e-002 	             	
        18.208	             	  3.525e-001 	
        18.269	  1.067e-002 	             	
        18.272	             	  3.525e-001 	
        18.333	  1.069e-002 	             	
        18.336	             	  3.525e-001 	
        18.397	  1.070e-002 	             	
        18.400	             	  3.525e-001 	
        18.464	             	  3.525e-001 	
        18.493	  1.070e-002 	             	
        18.528	             	  3.525e-001 	
        18.557	  1.072e-002 	             	
        18.592	             	  3.525e-001 	
        18.621	  1.063e-002 	             	
        18.656	             	  3.525e-001 	
        18.685	  1.069e-002 	             	
        18.720	             	  3.525e-001 	
        18.749	  1.072e-002 	             	
        18.813	  1.069e-002 	             	
        18.816	             	  3.525e-001 	
        18.877	  1.072e-002 	             	
        18.880	             	  3.526e-001 	
        18.941	  1.063e-002 	             	
        18.944	             	  3.526e-001 	
        19.005	  1.060e-002 	             	
        19.008	             	  3.526e-001 	
        19.069	  1.062e-002 	             	
        19.072	             	  3.526e-001 	
        19.133	  1.066e-002 	             	
        19.136	             	  3.527e-001 	
        19.197	  1.069e-002 	             	
        19.200	             	  3.527e-001 	
        19.261	  1.070e-002 	             	
        19.264	             	  3.527e-001 	
        19.328	             	  3.527e-001 	
        19.357	  1.064e-002 	             	
        19.392	             	  3.527e-001 	
        19.421	  1.065e-002 	             	
        19.456	             	  3.527e-001 	
        19.485	  1.066e-002 	             	
        19.520	             	  3.527e-001 	
        19.549	  1.064e-002 	             	
        19.613	  1.058e-002 	             	
        19.616	             	  3.527e-001 	
        19.677	  1.058e-002 	             	
        19.680	             	  3.527e-001 	
        19.741	  1.055e-002 	             	
        19.744	             	  3.528e-001 	
        19.805	  1.053e-002 	             	
        19.807	             	  3.528e-001 	
        19.869	  1.051e-002 	             	
        19.872	             	  3.528e-001 	
        19.933	  1.052e-002 	             	
        19.935	             	  3.528e-001 	
        19.997	  1.050e-002 	             	
        20.000	             	  3.528e-001 	
        20.061	  1.055e-002 	             	
        20.064	             	  3.528e-001 	
        20.128	             	  3.528e-001 	
        20.157	  1.055e-002 	             	
        20.192	             	  3.528e-001 	
        20.221	  1.054e-002 	             	
        20.255	             	  3.526e-001 	
        20.285	  1.051e-002 	             	
        20.320	             	  3.525e-001 	
        20.349	  1.052e-002 	             	
        20.413	  1.056e-002 	             	
        20.415	             	  3.525e-001 	
        20.477	  1.053e-002 	             	
        20.480	             	  3.525e-001 	
        20.541	  1.052e-002 	             	
        20.544	             	  3.526e-001 	
        20.605	  1.056e-002 	             	
        20.608	             	  3.526e-001 	
        20.669	  1.051e-002 	             	
        20.672	             	  3.527e-001 	
        20.733	  1.051e-002 	             	
        20.736	             	  3.528e-001 	
        20.797	  1.052e-002 	             	
        20.800	             	  3.528e-001 	
        20.861	  1.056e-002 	             	
        20.864	             	  3.528e-001 	
        20.928	             	  3.527e-001 	
        20.957	  1.055e-002 	             	
        20.992	             	  3.527e-001 	
        21.021	  1.055e-002 	             	
        21.055	             	  3.526e-001 	
        21.085	  1.059e-002 	             	
        21.119	             	  3.526e-001 	
        21.149	  1.054e-002 	             	
        21.213	  1.055e-002 	             	
        21.215	             	  3.526e-001 	
        21.277	  1.054e-002 	             	
        21.279	             	  3.526e-001 	
        21.341	  1.055e-002 	             	
        21.344	             	  3.526e-001 	
        21.405	  1.057e-002 	             	
        21.407	             	  3.525e-001 	
        21.469	  1.054e-002 	             	
        21.472	             	  3.525e-001 	
        21.533	  1.055e-002 	             	
        21.535	             	  3.525e-001 	
        21.597	  1.055e-002 	             	
        21.599	             	  3.525e-001 	
        21.661	  1.058e-002 	             	
        21.663	             	  3.525e-001 	
        21.728	             	  3.525e-001 	
        21.757	  1.052e-002 	             	
        21.791	             	  3.525e-001 	
        21.821	  1.054e-002 	             	
        21.855	             	  3.526e-001 	
        21.885	  1.057e-002 	             	
        21.919	             	  3.526e-001 	
        21.949	  1.054e-002 	             	
        22.013	  1.055e-002 	             	
        22.015	             	  3.525e-001 	
        22.077	  1.051e-002 	             	
        22.080	             	  3.525e-001 	
        22.141	  1.051e-002 	             	
        22.143	             	  3.524e-001 	
        22.205	  1.055e-002 	             	
        22.207	             	  3.524e-001 	
        22.269	  1.055e-002 	             	
        22.271	             	  3.524e-001 	
        22.332	  1.056e-002 	             	
        22.335	             	  3.524e-001 	
        22.397	  1.054e-002 	             	
        22.399	             	  3.524e-001 	
        22.461	  1.052e-002 	             	
        22.463	             	  3.524e-001 	
        22.527	             	  3.523e-001 	
        22.557	  1.054e-002 	             	
        22.591	             	  3.523e-001 	
        22.621	  1.058e-002 	             	
        22.655	             	  3.524e-001 	
        22.685	  1.052e-002 	             	
        22.719	             	  3.525e-001 	
        22.749	  1.053e-002 	             	
        22.812	  1.054e-002 	             	
        22.815	             	  3.525e-001 	
        22.876	  1.057e-002 	             	
        22.879	             	  3.525e-001 	
        22.941	  1.050e-002 	             	
        22.943	             	  3.525e-001 	
        23.004	  1.050e-002 	             	
        23.007	             	  3.526e-001 	
        23.069	  1.053e-002 	             	
        23.071	             	  3.526e-001 	
        23.133	  1.060e-002 	             	
        23.135	             	  3.525e-001 	
        23.196	  1.057e-002 	             	
        23.199	             	  3.525e-001 	
        23.261	  1.056e-002 	             	
        23.263	             	  3.525e-001 	
        23.327	             	  3.525e-001 	
        23.356	  1.048e-002 	             	
        23.391	             	  3.526e-001 	
        23.420	  1.047e-002 	             	
        23.455	             	  3.527e-001 	
        23.484	  1.054e-002 	             	
        23.519	             	  3.527e-001 	
        23.548	  1.056e-002 	             	
        23.612	  1.054e-002 	             	
        23.615	             	  3.526e-001 	
        23.676	  1.057e-002 	             	
        23.679	             	  3.526e-001 	
        23.740	  1.055e-002 	             	
        23.743	             	  3.525e-001 	
        23.804	  1.059e-002 	             	
        23.807	             	  3.525e-001 	
        23.868	  1.057e-002 	             	
        23.871	             	  3.525e-001 	
        23.932	  1.055e-002 	             	
        23.935	             	  3.525e-001 	
        23.996	  1.055e-002 	             	
        23.999	             	  3.525e-001 	
        24.060	  1.056e-002 	             	
        24.063	             	  3.525e-001 	
        24.127	             	  3.525e-001 	
        24.156	  1.054e-002 	             	
        24.191	             	  3.526e-001 	
        24.220	  1.056e-002 	             	
        24.255	             	  3.526e-001 	
        24.284	  1.055e-002 	             	
        24.319	             	  3.525e-001 	
        24.348	  1.054e-002 	             	
        24.383	             	  3.525e-001 	
        24.412	  1.053e-002 	             	
        24.477	  1.051e-002 	             	
        24.479	             	  3.524e-001 	
        24.540	  1.058e-002 	             	
        24.543	             	  3.524e-001 	
        24.604	  1.056e-002 	             	
        24.607	             	  3.524e-001 	
        24.668	  1.058e-002 	             	
        24.671	             	  3.524e-001 	
        24.732	  1.057e-002 	             	
        24.735	             	  3.524e-001 	
        24.796	  1.052e-002 	             	
        24.799	             	  3.525e-001 	
        24.860	  1.053e-002 	             	
        24.863	             	  3.525e-001 	
        24.927	             	  3.525e-001 	
        24.956	  1.052e-002 	             	
        24.991	             	  3.525e-001 	
        25.020	  1.056e-002 	             	
        25.055	             	  3.524e-001 	
        25.084	  1.054e-002 	             	
        25.119	             	  3.524e-001 	
        25.148	  1.056e-002 	             	
        25.183	             	  3.523e-001 	
        25.212	  1.057e-002 	             	
        25.276	  1.055e-002 	             	
        25.279	             	  3.523e-001 	
        25.341	  1.057e-002 	             	
        25.343	             	  3.523e-001 	
        25.405	  1.056e-002 	             	
        25.407	             	  3.523e-001 	
        25.468	  1.056e-002 	             	
        25.471	             	  3.523e-001 	
        25.532	  1.055e-002 	             	
        25.535	             	  3.524e-001 	
        25.596	  1.052e-002 	             	
        25.599	             	  3.524e-001 	
        25.660	  1.052e-002 	             	
        25.663	             	  3.525e-001 	
        25.727	             	  3.525e-001 	
        25.756	  1.054e-002 	             	
        25.791	             	  3.526e-001 	
        25.820	  1.052e-002 	             	
        25.855	             	  3.526e-001 	
        25.884	  1.053e-002 	             	
        25.919	             	  3.527e-001 	
        25.948	  1.056e-002 	             	
        25.983	             	  3.527e-001 	
        26.012	  1.052e-002 	             	
        26.076	  1.054e-002 	             	
        26.079	             	  3.527e-001 	
        26.140	  1.054e-002 	             	
        26.143	             	  3.526e-001 	
        26.204	  1.055e-002 	             	
        26.207	             	  3.526e-001 	
        26.268	  1.053e-002 	             	
        26.271	             	  3.525e-001 	
        26.332	  1.051e-002 	             	
        26.335	             	  3.524e-001 	
        26.396	  1.049e-002 	             	
        26.399	             	  3.523e-001 	
        26.460	  1.049e-002 	             	
        26.463	             	  3.523e-001 	
        26.527	             	  3.522e-001 	
        26.556	  1.052e-002 	             	
        26.591	             	  3.521e-001 	
        26.620	  1.057e-002 	             	
        26.655	             	  3.521e-001 	
        26.684	  1.055e-002 	             	
        26.719	             	  3.520e-001 	
        26.748	  1.057e-002 	             	
        26.783	             	  3.520e-001 	
        26.812	  1.056e-002 	             	
        26.876	  1.051e-002 	             	
        26.879	             	  3.521e-001 	
        26.940	  1.050e-002 	             	
        26.943	             	  3.522e-001 	
        27.004	  1.057e-002 	             	
        27.007	             	  3.523e-001 	
        27.068	  1.050e-002 	             	
        27.071	             	  3.523e-001 	
        27.132	  1.054e-002 	             	
        27.135	             	  3.523e-001 	
        27.196	  1.050e-002 	             	
        27.199	             	  3.523e-001 	
        27.260	  1.048e-002 	             	
        27.263	             	  3.523e-001 	
        27.327	             	  3.523e-001 	
        27.356	  1.049e-002 	             	
        27.391	             	  3.523e-001 	
        27.420	  1.056e-002 	             	
        27.455	             	  3.524e-001 	
        27.484	  1.054e-002 	             	
        27.519	             	  3.523e-001 	
        27.548	  1.054e-002 	             	
        27.583	             	  3.524e-001 	
        27.612	  1.051e-002 	             	
        27.676	  1.057e-002 	             	
        27.679	             	  3.524e-001 	
        27.740	  1.053e-002 	             	
        27.743	             	  3.524e-001 	
        27.804	  1.053e-002 	             	
        27.807	             	  3.525e-001 	
        27.868	  1.055e-002 	             	
        27.871	             	  3.525e-001 	
        27.932	  1.055e-002 	             	
        27.935	             	  3.525e-001 	
        27.996	  1.054e-002 	             	
        27.999	             	  3.525e-001 	
        28.060	  1.057e-002 	             	
        28.063	             	  3.525e-001 	
        28.127	             	  3.525e-001 	
        28.156	  1.055e-002 	             	
        28.191	             	  3.525e-001 	
        28.220	  1.048e-002 	             	
        28.255	             	  3.525e-001 	
        28.284	  1.049e-002 	             	
        28.319	             	  3.526e-001 	
        28.348	  1.044e-002 	             	
        28.383	             	  3.526e-001 	
        28.412	  1.045e-002 	             	
        28.476	  1.052e-002 	             	
        28.479	             	  3.525e-001 	
        28.540	  1.052e-002 	             	
        28.543	             	  3.525e-001 	
        28.604	  1.053e-002 	             	
        28.607	             	  3.524e-001 	
        28.668	  1.054e-002 	             	
        28.671	             	  3.524e-001 	
        28.732	  1.059e-002 	             	
        28.735	             	  3.524e-001 	
        28.796	  1.053e-002 	             	
        28.799	             	  3.524e-001 	
        28.860	  1.056e-002 	             	
        28.863	             	  3.525e-001 	
        28.927	             	  3.526e-001 	
        28.956	  1.054e-002 	             	
        28.991	             	  3.527e-001 	
        29.020	  1.051e-002 	             	
        29.055	             	  3.527e-001 	
        29.084	  1.050e-002 	             	
        29.119	             	  3.528e-001 	
        29.148	  1.055e-002 	             	
        29.183	             	  3.529e-001 	
        29.212	  1.054e-002 	             	
        29.276	  1.054e-002 	             	
        29.279	             	  3.529e-001 	
        29.340	  1.055e-002 	             	
        29.343	             	  3.529e-001 	
        29.404	  1.053e-002 	             	
        29.407	             	  3.529e-001 	
        29.468	  1.055e-002 	             	
        29.471	             	  3.529e-001 	
        29.532	  1.054e-002 	             	
        29.535	             	  3.529e-001 	
        29.596	  1.055e-002 	             	
        29.599	             	  3.528e-001 	
        29.660	  1.054e-002 	             	
        29.663	             	  3.528e-001 	
        29.727	             	  3.527e-001 	
        29.756	  1.053e-002 	             	
        29.791	             	  3.527e-001 	
        29.820	  1.054e-002 	             	
        29.855	             	  3.526e-001 	
        29.884	  1.051e-002 	             	
        29.919	             	  3.527e-001 	
        29.948	  1.052e-002 	             	
        29.983	             	  3.526e-001 	
        30.012	  1.057e-002 	             	
        30.076	  1.061e-002 	             	
        30.079	             	  3.527e-001 	
        30.140	  1.055e-002 	             	
        30.143	             	  3.527e-001 	
        30.204	  1.056e-002 	             	
        30.207	             	  3.527e-001 	
        30.268	  1.054e-002 	             	
        30.271	             	  3.528e-001 	
        30.332	  1.058e-002 	             	
        30.335	             	  3.528e-001 	
        30.396	  1.055e-002 	             	
        30.399	             	  3.528e-001 	
        30.460	  1.054e-002 	             	
        30.463	             	  3.528e-001 	
        30.524	  1.049e-002 	             	
        30.527	             	  3.528e-001 	
        30.591	             	  3.529e-001 	
        30.620	  1.051e-002 	             	
        30.655	             	  3.528e-001 	
        30.684	  1.057e-002 	             	
        30.719	             	  3.528e-001 	
        30.748	  1.057e-002 	             	
        30.783	             	  3.528e-001 	
        30.812	  1.056e-002 	             	
        30.876	  1.053e-002 	             	
        30.879	             	  3.528e-001 	
        30.940	  1.056e-002 	             	
        30.943	             	  3.528e-001 	
        31.004	  1.051e-002 	             	
        31.007	             	  3.528e-001 	
        31.068	  1.053e-002 	             	
        31.071	             	  3.528e-001 	
        31.132	  1.054e-002 	             	
        31.135	             	  3.529e-001 	
        31.196	  1.059e-002 	             	
        31.199	             	  3.529e-001 	
        31.260	  1.057e-002 	             	
        31.263	             	  3.529e-001 	
        31.324	  1.052e-002 	             	
        31.327	             	  3.530e-001 	
        31.391	             	  3.530e-001 	
        31.420	  1.054e-002 	             	
        31.455	             	  3.530e-001 	
        31.484	  1.054e-002 	             	
        31.519	             	  3.530e-001 	
        31.548	  1.057e-002 	             	
        31.583	             	  3.530e-001 	
        31.612	  1.051e-002 	             	
        31.676	  1.057e-002 	             	
        31.679	             	  3.530e-001 	
        31.740	  1.052e-002 	             	
        31.743	             	  3.530e-001 	
        31.804	  1.054e-002 	             	
        31.807	             	  3.530e-001 	
        31.868	  1.055e-002 	             	
        31.872	             	  3.529e-001 	
        31.932	  1.053e-002 	             	
        31.935	             	  3.529e-001 	
        31.996	  1.052e-002 	             	
        31.999	             	  3.528e-001 	
        32.060	  1.048e-002 	             	
        32.063	             	  3.528e-001 	
        32.124	  1.050e-002 	             	
        32.127	             	  3.528e-001 	
        32.191	             	  3.528e-001 	
        32.220	  1.055e-002 	             	
        32.255	             	  3.528e-001 	
        32.284	  1.047e-002 	             	
        32.319	             	  3.528e-001 	
        32.348	  1.055e-002 	             	
        32.383	             	  3.528e-001 	
        32.412	  1.052e-002 	             	
        32.476	  1.050e-002 	             	
        32.479	             	  3.528e-001 	
        32.540	  1.050e-002 	             	
        32.543	             	  3.528e-001 	
        32.604	  1.050e-002 	             	
        32.607	             	  3.528e-001 	
        32.668	  1.054e-002 	             	
        32.671	             	  3.529e-001 	
        32.732	  1.053e-002 	             	
        32.735	             	  3.529e-001 	
        32.796	  1.051e-002 	             	
        32.799	             	  3.529e-001 	
        32.860	  1.053e-002 	             	
        32.863	             	  3.529e-001 	
        32.924	  1.047e-002 	             	
        32.927	             	  3.528e-001 	
        32.991	             	  3.528e-001 	
        33.020	  1.052e-002 	             	
        33.055	             	  3.528e-001 	
        33.084	  1.051e-002 	             	
        33.119	             	  3.528e-001 	
        33.148	  1.054e-002 	             	
        33.183	             	  3.528e-001 	
        33.212	  1.051e-002 	             	
        33.276	  1.052e-002 	             	
        33.279	             	  3.529e-001 	
        33.340	  1.052e-002 	             	
        33.343	             	  3.529e-001 	
        33.405	  1.055e-002 	             	
        33.408	             	  3.529e-001 	
        33.469	  1.055e-002 	             	
        33.472	             	  3.528e-001 	
        33.533	  1.054e-002 	             	
        33.536	             	  3.528e-001 	
        33.597	  1.055e-002 	             	
        33.600	             	  3.527e-001 	
        33.661	  1.056e-002 	             	
        33.664	             	  3.527e-001 	
        33.725	  1.056e-002 	             	
        33.728	             	  3.527e-001 	
        33.792	             	  3.527e-001 	
        33.821	  1.058e-002 	             	
        33.856	             	  3.528e-001 	
        33.885	  1.057e-002 	             	
        33.920	             	  3.529e-001 	
        33.949	  1.056e-002 	             	
        33.984	             	  3.529e-001 	
        34.013	  1.055e-002 	             	
        34.077	  1.058e-002 	             	
        34.080	             	  3.530e-001 	
        34.141	  1.059e-002 	             	
        34.144	             	  3.530e-001 	
        34.205	  1.053e-002 	             	
        34.208	             	  3.530e-001 	
        34.269	  1.056e-002 	             	
        34.272	             	  3.530e-001 	
        34.333	  1.057e-002 	             	
        34.336	             	  3.530e-001 	
        34.397	  1.057e-002 	             	
        34.400	             	  3.531e-001 	
        34.461	  1.054e-002 	             	
        34.464	             	  3.531e-001 	
        34.525	  1.053e-002 	             	
        34.528	             	  3.531e-001 	
        34.592	             	  3.531e-001 	
        34.621	  1.060e-002 	             	
        34.656	             	  3.530e-001 	
        34.685	  1.058e-002 	             	
        34.720	             	  3.530e-001 	
        34.749	  1.056e-002 	             	
        34.784	             	  3.530e-001 	
        34.813	  1.053e-002 	             	
        34.877	  1.054e-002 	             	
        34.880	             	  3.530e-001 	
        34.941	  1.053e-002 	             	
        34.944	             	  3.530e-001 	
        35.005	  1.053e-002 	             	
        35.008	             	  3.530e-001 	
        35.069	  1.051e-002 	             	
        35.072	             	  3.529e-001 	
        35.133	  1.055e-002 	             	
        35.136	             	  3.528e-001 	
        35.197	  1.055e-002 	             	
        35.200	             	  3.528e-001 	
        35.261	  1.049e-002 	             	
        35.264	             	  3.527e-001 	
        35.325	  1.055e-002 	             	
        35.328	             	  3.527e-001 	
        35.392	             	  3.527e-001 	
        35.421	  1.059e-002 	             	
        35.456	             	  3.527e-001 	
        35.485	  1.057e-002 	             	
        35.520	             	  3.528e-001 	
        35.549	  1.054e-002 	             	
        35.584	             	  3.529e-001 	
        35.613	  1.053e-002 	             	
        35.677	  1.054e-002 	             	
        35.680	             	  3.529e-001 	
        35.741	  1.057e-002 	             	
        35.744	             	  3.529e-001 	
        35.805	  1.059e-002 	             	
        35.808	             	  3.529e-001 	
        35.869	  1.056e-002 	             	
        35.872	             	  3.529e-001 	
        35.933	  1.054e-002 	             	
        35.936	             	  3.529e-001 	
        35.997	  1.052e-002 	             	
        36.000	             	  3.528e-001 	
        36.061	  1.057e-002 	             	
        36.064	             	  3.528e-001 	
        36.125	  1.056e-002 	             	
        36.128	             	  3.528e-001 	
        36.192	             	  3.527e-001 	
        36.221	  1.055e-002 	             	
        36.256	             	  3.526e-001 	
        36.285	  1.052e-002 	             	
        36.320	             	  3.526e-001 	
        36.349	  1.054e-002 	             	
        36.384	             	  3.526e-001 	
        36.413	  1.052e-002 	             	
        36.477	  1.054e-002 	             	
        36.480	             	  3.526e-001 	
        36.541	  1.053e-002 	             	
        36.544	             	  3.526e-001 	
        36.605	  1.050e-002 	             	
        36.608	             	  3.525e-001 	
        36.669	  1.055e-002 	             	
        36.672	             	  3.525e-001 	
        36.733	  1.055e-002 	             	
        36.736	             	  3.524e-001 	
        36.797	  1.054e-002 	             	
        36.800	             	  3.524e-001 	
        36.861	  1.049e-002 	             	
        36.863	             	  3.525e-001 	
        36.925	  1.056e-002 	             	
        36.928	             	  3.525e-001 	
        36.992	             	  3.525e-001 	
        37.021	  1.053e-002 	             	
        37.056	             	  3.525e-001 	
        37.085	  1.054e-002 	             	
        37.120	             	  3.525e-001 	
        37.149	  1.050e-002 	             	
        37.184	             	  3.526e-001 	
        37.213	  1.054e-002 	             	
        37.248	             	  3.526e-001 	
        37.277	  1.052e-002 	             	
        37.342	  1.047e-002 	             	
        37.344	             	  3.526e-001 	
        37.405	  1.053e-002 	             	
        37.408	             	  3.526e-001 	
        37.469	  1.053e-002 	             	
        37.472	             	  3.526e-001 	
        37.533	  1.055e-002 	             	
        37.536	             	  3.526e-001 	
        37.597	  1.051e-002 	             	
        37.600	             	  3.526e-001 	
        37.661	  1.055e-002 	             	
        37.663	             	  3.526e-001 	
        37.725	  1.049e-002 	             	
        37.728	             	  3.527e-001 	
