0	1.31E-02
0.023	             
0.064	1.31E-02
0.087	             
0.128	1.31E-02
0.151	             
0.192	1.31E-02
0.215	             
0.256	1.31E-02
0.279	             
0.32	1.31E-02
0.343	             
0.407	             
0.416	1.31E-02
0.471	             
0.48	1.30E-02
0.535	             
0.544	1.31E-02
0.599	             
0.608	1.31E-02
0.663	             
0.672	1.31E-02
0.727	             
0.736	1.31E-02
0.8	1.30E-02
0.823	             
0.864	1.30E-02
0.887	             
0.928	1.31E-02
0.951	             
0.992	1.31E-02
1.015	             
1.056	1.31E-02
1.079	             
1.12	1.31E-02
1.143	             
1.207	             
1.216	1.32E-02
1.271	             
1.28	1.32E-02
1.335	             
1.344	1.31E-02
1.399	             
1.408	1.31E-02
1.463	             
1.472	1.31E-02
1.527	             
1.536	1.32E-02
1.6	1.34E-02
1.623	             
1.664	1.33E-02
1.687	             
1.728	1.33E-02
1.751	             
1.792	1.33E-02
1.815	             
1.856	1.33E-02
1.879	             
1.92	1.33E-02
1.943	             
2.007	             
2.016	1.34E-02
2.071	             
2.08	1.34E-02
2.135	             
2.144	1.34E-02
2.199	             
2.208	1.33E-02
2.263	             
2.272	1.33E-02
2.327	             
2.336	1.33E-02
2.4	1.33E-02
2.423	             
2.464	1.33E-02
2.487	             
2.528	1.35E-02
2.551	             
2.592	1.35E-02
2.615	             
2.656	1.36E-02
2.679	             
2.72	1.36E-02
2.743	             
2.784	1.36E-02
2.807	             
2.871	             
2.88	1.37E-02
2.935	             
2.944	1.38E-02
2.999	             
3.008	1.38E-02
3.063	             
3.072	1.36E-02
3.127	             
3.136	1.32E-02
3.2	1.28E-02
3.223	             
3.264	1.26E-02
3.287	             
3.328	1.18E-02
3.351	             
3.392	1.12E-02
3.415	             
3.456	1.08E-02
3.479	             
3.52	1.03E-02
3.543	             
3.584	9.73E-03
3.607	             
3.671	             
3.68	9.30E-03
3.735	             
3.744	8.97E-03
3.799	             
3.808	8.67E-03
3.863	             
3.872	8.48E-03
3.927	             
3.936	8.42E-03
4	8.58E-03
4.023	             
4.064	8.78E-03
4.087	             
4.128	9.13E-03
4.151	             
4.192	9.41E-03
4.215	             
4.256	9.69E-03
4.279	             
4.32	1.03E-02
4.343	             
4.384	1.10E-02
4.407	             
4.471	             
4.48	1.15E-02
4.534	             
4.544	1.23E-02
4.598	             
4.608	1.31E-02
4.663	             
4.672	1.41E-02
4.727	             
4.736	1.48E-02
4.8	1.51E-02
4.822	             
4.864	1.57E-02
4.887	             
4.928	1.62E-02
4.95	             
4.992	1.68E-02
5.015	             
5.056	1.74E-02
5.078	             
5.12	1.78E-02
5.143	             
5.184	1.83E-02
5.207	             
5.271	             
5.28	1.80E-02
5.335	             
5.344	1.83E-02
5.399	             
5.408	1.86E-02
5.463	             
5.472	1.90E-02
5.526	             
5.536	1.91E-02
5.6	1.92E-02
5.622	             
5.664	1.91E-02
5.687	             
5.728	1.86E-02
5.751	             
5.792	1.85E-02
5.814	             
5.856	1.84E-02
5.879	             
5.92	1.83E-02
5.942	             
5.984	1.81E-02
6.006	             
6.07	             
6.08	1.75E-02
6.134	             
6.144	1.60E-02
6.198	             
6.208	1.56E-02
6.262	             
6.272	1.55E-02
6.326	             
6.336	1.50E-02
6.4	1.44E-02
6.422	             
6.464	1.40E-02
6.486	             
6.528	1.38E-02
6.55	             
6.592	1.36E-02
6.614	             
6.656	1.26E-02
6.678	             
6.72	1.22E-02
6.742	             
6.784	1.19E-02
6.806	             
6.87	             
6.88	1.17E-02
6.934	             
6.944	1.15E-02
6.999	             
7.008	1.12E-02
7.063	             
7.072	1.11E-02
7.126	             
7.136	1.03E-02
7.2	9.57E-03
7.222	             
7.264	9.20E-03
7.286	             
7.328	9.11E-03
7.351	             
7.392	8.99E-03
7.414	             
7.456	8.84E-03
7.478	             
7.52	8.78E-03
7.542	             
7.584	8.73E-03
7.606	             
7.67	             
7.68	8.69E-03
7.734	             
7.744	8.70E-03
7.798	             
7.808	8.54E-03
7.862	             
7.872	8.47E-03
7.926	             
7.936	8.40E-03
8	8.35E-03
8.022	             
8.064	8.43E-03
8.086	             
8.128	8.35E-03
8.15	             
8.192	8.19E-03
8.214	             
8.256	8.19E-03
8.278	             
8.32	8.20E-03
8.342	             
8.384	8.26E-03
8.406	             
8.47	             
8.48	8.37E-03
8.534	             
8.544	8.42E-03
8.598	             
8.608	8.59E-03
8.662	             
8.672	8.80E-03
8.726	             
8.736	8.94E-03
8.79	             
8.8	9.14E-03
8.864	9.30E-03
8.886	             
8.928	9.43E-03
8.95	             
8.992	9.94E-03
9.014	             
9.056	1.07E-02
9.078	             
9.12	1.13E-02
9.142	             
9.184	1.22E-02
9.206	             
9.27	             
9.28	1.30E-02
9.334	             
9.344	1.39E-02
9.398	             
9.408	1.47E-02
9.462	             
9.472	1.58E-02
9.526	             
9.536	1.69E-02
9.59	             
9.6	1.78E-02
9.664	1.87E-02
9.686	             
9.728	1.88E-02
9.75	             
9.792	1.94E-02
9.814	             
9.856	2.00E-02
9.878	             
9.92	2.06E-02
9.942	             
9.984	2.13E-02
10.006	             
10.07	             
10.08	2.15E-02
10.134	             
10.144	2.13E-02
10.198	             
10.208	2.17E-02
10.262	             
10.272	2.20E-02
10.326	             
10.336	2.21E-02
10.39	             
10.4	2.25E-02
10.464	2.26E-02
10.486	             
10.528	2.31E-02
10.55	             
10.592	2.34E-02
10.614	             
10.656	2.36E-02
10.678	             
10.72	2.38E-02
10.742	             
10.784	2.38E-02
10.806	             
10.87	             
10.88	2.40E-02
10.934	             
10.944	2.41E-02
10.998	             
11.008	2.42E-02
11.062	             
11.072	2.43E-02
11.126	             
11.136	2.41E-02
11.19	             
11.199	2.37E-02
11.264	2.37E-02
11.286	             
11.328	2.36E-02
11.35	             
11.392	2.34E-02
11.414	             
11.456	2.32E-02
11.478	             
11.52	2.30E-02
11.542	             
11.584	2.22E-02
11.606	             
11.67	             
11.68	2.10E-02
11.734	             
11.744	1.94E-02
11.798	             
11.808	1.89E-02
11.862	             
11.872	1.84E-02
11.926	             
11.935	1.79E-02
11.99	             
12	1.78E-02
12.063	1.67E-02
12.086	             
12.128	1.59E-02
12.15	             
12.191	1.57E-02
12.214	             
12.255	1.54E-02
12.278	             
12.32	1.48E-02
12.342	             
12.383	1.45E-02
12.406	             
12.47	             
12.479	1.42E-02
12.534	             
12.543	1.41E-02
12.598	             
12.607	1.38E-02
12.662	             
12.671	1.33E-02
12.727	             
12.736	1.23E-02
12.791	             
12.8	1.06E-02
12.864	1.04E-02
12.887	             
12.928	1.03E-02
12.951	             
12.992	1.02E-02
13.015	             
13.056	1.02E-02
13.079	             
13.12	1.03E-02
13.143	             
13.184	1.01E-02
13.207	             
13.271	             
13.28	9.83E-03
13.335	             
13.344	9.62E-03
13.399	             
13.408	9.47E-03
13.463	             
13.472	9.46E-03
13.527	             
13.536	9.58E-03
13.591	             
13.6	9.42E-03
13.664	8.88E-03
13.687	             
13.728	9.13E-03
13.751	             
13.792	9.47E-03
13.815	             
13.856	9.88E-03
13.879	             
13.92	1.03E-02
13.943	             
13.984	1.09E-02
14.007	             
14.048	1.14E-02
14.071	             
14.135	             
14.144	1.20E-02
14.199	             
14.208	1.30E-02
14.263	             
14.272	1.39E-02
14.327	             
14.336	1.46E-02
14.391	             
14.4	1.54E-02
14.464	1.63E-02
14.487	             
14.528	1.71E-02
14.551	             
14.592	1.80E-02
14.615	             
14.656	1.88E-02
14.679	             
14.72	1.95E-02
14.743	             
14.784	1.97E-02
14.807	             
14.848	2.02E-02
14.871	             
14.935	             
14.944	2.04E-02
14.999	             
15.008	2.09E-02
15.063	             
15.072	2.15E-02
15.127	             
15.136	2.20E-02
15.191	             
15.2	2.26E-02
15.264	2.30E-02
15.287	             
15.328	2.34E-02
15.351	             
15.392	2.37E-02
15.415	             
15.456	2.37E-02
15.479	             
15.52	2.40E-02
15.543	             
15.584	2.41E-02
15.607	             
15.648	2.43E-02
15.671	             
15.735	             
15.744	2.46E-02
15.799	             
15.808	2.48E-02
15.863	             
15.872	2.50E-02
15.927	             
15.936	2.50E-02
15.991	             
16	2.51E-02
16.064	2.52E-02
16.087	             
16.128	2.53E-02
16.151	             
16.192	2.54E-02
16.215	             
16.256	2.54E-02
16.279	             
16.32	2.57E-02
16.343	             
16.384	2.55E-02
16.407	             
16.448	2.54E-02
16.471	             
16.535	             
16.544	2.54E-02
16.599	             
16.608	2.55E-02
16.663	             
16.672	2.55E-02
16.727	             
16.736	2.53E-02
16.791	             
16.8	2.52E-02
16.864	2.51E-02
16.887	             
16.928	2.47E-02
16.951	             
16.992	2.46E-02
17.015	             
17.056	2.42E-02
17.079	             
17.12	2.39E-02
17.143	             
17.184	2.34E-02
17.207	             
17.248	2.30E-02
17.271	             
17.335	             
17.344	2.25E-02
17.399	             
17.408	2.12E-02
17.463	             
17.472	1.92E-02
17.527	             
17.536	1.77E-02
17.591	             
17.6	1.69E-02
17.664	1.63E-02
17.687	             
17.728	1.49E-02
17.751	             
17.792	1.32E-02
17.815	             
17.856	1.27E-02
17.879	             
17.92	1.25E-02
17.943	             
17.984	1.24E-02
18.007	             
18.048	1.21E-02
18.071	             
18.135	             
18.144	1.21E-02
18.199	             
18.208	1.18E-02
18.263	             
18.272	1.12E-02
18.327	             
18.336	1.11E-02
18.391	             
18.4	1.12E-02
18.464	1.12E-02
18.487	             
18.528	1.12E-02
18.551	             
18.592	1.11E-02
18.615	             
18.656	1.11E-02
18.679	             
18.72	1.12E-02
18.743	             
18.784	1.15E-02
18.807	             
18.848	1.14E-02
18.871	             
18.935	             
18.944	1.13E-02
18.999	             
19.008	1.07E-02
19.063	             
19.072	1.09E-02
19.127	             
19.136	1.12E-02
19.191	             
19.2	1.18E-02
19.264	1.24E-02
19.287	             
19.328	1.30E-02
19.351	             
19.392	1.37E-02
19.415	             
19.456	1.44E-02
19.479	             
19.52	1.53E-02
19.543	             
19.584	1.60E-02
19.607	             
19.648	1.66E-02
19.671	             
19.735	             
19.744	1.77E-02
19.799	             
19.808	1.86E-02
19.863	             
19.872	1.96E-02
19.927	             
19.936	2.04E-02
19.991	             
20	2.07E-02
20.064	2.11E-02
20.087	             
20.128	2.17E-02
20.151	             
20.192	2.23E-02
20.215	             
20.256	2.28E-02
20.279	             
20.32	2.33E-02
20.343	             
20.384	2.38E-02
20.407	             
20.448	2.40E-02
20.471	             
20.535	             
20.544	2.44E-02
20.599	             
20.608	2.47E-02
20.663	             
20.672	2.47E-02
20.727	             
20.736	2.49E-02
20.791	             
20.8	2.50E-02
20.864	2.51E-02
20.887	             
20.928	2.52E-02
20.951	             
20.992	2.53E-02
21.015	             
21.056	2.53E-02
21.079	             
21.12	2.55E-02
21.143	             
21.184	2.55E-02
21.207	             
21.248	2.56E-02
21.271	             
21.335	             
21.344	2.55E-02
21.399	             
21.408	2.56E-02
21.463	             
21.472	2.57E-02
21.527	             
21.536	2.60E-02
21.591	             
21.6	2.60E-02
21.654	             
21.664	2.61E-02
21.728	2.62E-02
21.751	             
21.792	2.63E-02
21.815	             
21.856	2.61E-02
21.879	             
21.92	2.60E-02
21.943	             
21.984	2.58E-02
22.007	             
22.048	2.55E-02
22.071	             
22.135	             
22.144	2.53E-02
22.199	             
22.208	2.50E-02
22.263	             
22.272	2.49E-02
22.327	             
22.336	2.47E-02
22.391	             
22.4	2.45E-02
22.454	             
22.464	2.41E-02
22.528	2.33E-02
22.55	             
22.592	2.10E-02
22.614	             
22.656	2.04E-02
22.679	             
22.72	1.99E-02
22.743	             
22.784	1.97E-02
22.807	             
22.848	1.92E-02
22.87	             
22.935	             
22.944	1.89E-02
22.998	             
23.008	1.80E-02
23.062	             
23.072	1.73E-02
23.127	             
23.136	1.68E-02
23.19	             
23.2	1.64E-02
23.255	             
23.264	1.62E-02
23.328	1.54E-02
23.35	             
23.392	1.41E-02
23.414	             
23.456	1.38E-02
23.478	             
23.52	1.30E-02
23.542	             
23.584	1.09E-02
23.607	             
23.648	1.09E-02
23.671	             
23.734	             
23.744	1.07E-02
23.798	             
23.808	1.07E-02
23.863	             
23.872	1.04E-02
23.926	             
23.936	1.03E-02
23.99	             
24	1.05E-02
24.054	             
24.064	1.07E-02
24.128	1.12E-02
24.15	             
24.192	1.16E-02
24.214	             
24.256	1.18E-02
24.278	             
24.32	1.19E-02
24.342	             
24.384	1.25E-02
24.406	             
24.448	1.29E-02
24.47	             
24.534	             
24.544	1.33E-02
24.598	             
24.608	1.37E-02
24.662	             
24.672	1.41E-02
24.726	             
24.736	1.40E-02
24.79	             
24.8	1.50E-02
24.854	             
24.864	1.60E-02
24.928	1.69E-02
24.95	             
24.992	1.79E-02
25.014	             
25.056	1.86E-02
25.078	             
25.12	1.94E-02
25.142	             
25.184	2.02E-02
25.206	             
25.248	2.09E-02
25.27	             
25.334	             
25.344	2.18E-02
25.398	             
25.408	2.22E-02
25.462	             
25.472	2.28E-02
25.526	             
25.536	2.31E-02
25.59	             
25.6	2.38E-02
25.654	             
25.664	2.43E-02
25.728	2.47E-02
25.75	             
25.792	2.50E-02
25.814	             
25.856	2.53E-02
25.878	             
25.92	2.53E-02
25.942	             
25.984	2.47E-02
26.006	             
26.048	2.50E-02
26.07	             
26.134	             
26.144	2.51E-02
26.198	             
26.208	2.55E-02
26.262	             
26.272	2.58E-02
26.326	             
26.336	2.57E-02
26.39	             
26.4	2.60E-02
26.454	             
26.464	2.61E-02
26.528	2.62E-02
26.55	             
26.592	2.65E-02
26.614	             
26.656	2.65E-02
26.678	             
26.72	2.66E-02
26.742	             
26.784	2.66E-02
26.806	             
26.848	2.67E-02
26.87	             
26.934	             
26.944	2.68E-02
26.998	             
27.008	2.69E-02
27.062	             
27.072	2.66E-02
27.126	             
27.136	2.65E-02
27.19	             
27.2	2.66E-02
27.254	             
27.264	2.66E-02
27.328	2.64E-02
27.35	             
27.392	2.64E-02
27.414	             
27.456	2.63E-02
27.478	             
27.52	2.60E-02
27.542	             
27.584	2.57E-02
27.606	             
27.648	2.45E-02
27.67	             
27.712	2.40E-02
27.734	             
27.798	             
27.808	2.37E-02
27.862	             
27.872	2.33E-02
27.926	             
27.936	2.30E-02
27.99	             
28	2.24E-02
28.054	             
28.064	2.21E-02
28.128	2.16E-02
28.15	             
28.192	2.13E-02
28.214	             
28.256	2.09E-02
28.278	             
28.32	2.01E-02
28.342	             
28.384	1.93E-02
28.406	             
28.448	1.70E-02
28.47	             
28.511	1.68E-02
28.534	             
28.598	             
28.608	1.65E-02
28.662	             
28.672	1.57E-02
28.726	             
28.736	1.46E-02
28.79	             
28.8	1.36E-02
28.854	             
28.864	1.33E-02
28.928	1.35E-02
28.95	             
28.992	1.34E-02
29.014	             
29.055	1.33E-02
29.078	             
29.12	1.32E-02
29.142	             
29.184	1.30E-02
29.206	             
29.248	1.27E-02
29.27	             
29.312	1.14E-02
29.334	             
29.398	             
29.407	1.03E-02
29.462	             
29.472	1.04E-02
29.526	             
29.535	1.04E-02
29.59	             
29.6	1.09E-02
29.654	             
29.663	1.16E-02
29.727	1.26E-02
29.75	             
29.792	1.31E-02
29.814	             
29.855	1.40E-02
29.878	             
29.92	1.50E-02
29.942	             
29.983	1.58E-02
30.006	             
30.047	1.65E-02
30.07	             
30.111	1.73E-02
30.134	             
30.199	             
30.208	1.80E-02
30.263	             
30.272	1.87E-02
30.327	             
30.337	1.96E-02
30.391	             
30.4	2.05E-02
30.455	             
30.464	2.13E-02
30.528	2.21E-02
30.551	             
30.592	2.29E-02
30.615	             
30.656	2.34E-02
30.679	             
30.72	2.39E-02
30.743	             
30.784	2.44E-02
30.807	             
30.848	2.45E-02
30.871	             
30.912	2.42E-02
30.935	             
30.999	             
31.008	2.46E-02
31.063	             
31.072	2.48E-02
31.127	             
31.136	2.50E-02
31.191	             
31.2	2.53E-02
31.255	             
31.264	2.54E-02
31.328	2.56E-02
31.351	             
31.392	2.59E-02
31.415	             
31.456	2.61E-02
31.479	             
31.52	2.63E-02
31.543	             
31.584	2.65E-02
31.607	             
31.648	2.65E-02
31.671	             
31.712	2.66E-02
31.735	             
31.799	             
31.808	2.69E-02
31.863	             
31.873	2.68E-02
31.927	             
31.936	2.70E-02
31.991	             
32	2.70E-02
32.055	             
32.064	2.71E-02
32.128	2.71E-02
32.151	             
32.192	2.73E-02
32.215	             
32.256	2.73E-02
32.279	             
32.32	2.73E-02
32.343	             
32.384	2.73E-02
32.407	             
32.448	2.72E-02
32.471	             
32.512	2.71E-02
32.535	             
32.599	             
32.608	2.69E-02
32.663	             
32.672	2.68E-02
32.727	             
32.736	2.65E-02
32.791	             
32.8	2.66E-02
32.855	             
32.864	2.62E-02
32.928	2.59E-02
32.951	             
32.992	2.52E-02
33.015	             
33.056	2.43E-02
33.079	             
33.12	2.39E-02
33.143	             
33.184	2.35E-02
33.207	             
33.248	2.31E-02
33.271	             
33.312	2.27E-02
33.335	             
33.399	             
33.408	2.23E-02
33.463	             
33.472	2.17E-02
33.527	             
33.536	2.12E-02
33.591	             
33.6	1.88E-02
33.655	             
33.664	1.84E-02
33.728	1.82E-02
33.751	             
33.792	1.79E-02
33.815	             
33.856	1.78E-02
33.879	             
33.92	1.76E-02
33.943	             
33.984	1.58E-02
34.007	             
34.048	1.46E-02
34.071	             
34.112	1.45E-02
34.135	             
34.199	             
34.208	1.47E-02
34.263	             
34.272	1.47E-02
34.327	             
34.336	1.48E-02
34.391	             
34.4	1.46E-02
34.455	             
34.464	1.41E-02
34.519	             
34.528	1.21E-02
34.592	1.14E-02
34.615	             
34.656	1.12E-02
34.679	             
34.72	1.13E-02
34.743	             
34.784	1.15E-02
34.807	             
34.848	1.18E-02
34.871	             
34.912	1.25E-02
34.935	             
34.999	             
35.008	1.33E-02
35.063	             
35.072	1.40E-02
35.127	             
35.136	1.48E-02
35.191	             
35.2	1.56E-02
35.255	             
35.264	1.61E-02
35.319	             
35.328	1.70E-02
35.392	1.76E-02
35.415	             
35.456	1.84E-02
35.479	             
35.52	1.90E-02
35.543	             
35.584	1.96E-02
35.607	             
35.648	2.03E-02
35.671	             
35.712	2.09E-02
35.735	             
35.799	             
35.808	2.15E-02
35.863	             
35.872	2.22E-02
35.927	             
35.936	2.25E-02
35.991	             
36	2.32E-02
36.055	             
36.064	2.36E-02
36.119	             
36.128	2.33E-02
36.192	2.36E-02
36.215	             
36.256	2.41E-02
36.279	             
36.32	2.44E-02
36.343	             
36.384	2.50E-02
36.407	             
36.448	2.54E-02
36.471	             
36.512	2.56E-02
36.535	             
36.599	             
36.608	2.58E-02
36.663	             
36.672	2.60E-02
36.727	             
36.736	2.61E-02
36.791	             
36.8	2.62E-02
36.855	             
36.864	2.63E-02
36.919	             
36.928	2.64E-02
36.992	2.65E-02
37.015	             
37.056	2.65E-02
37.079	             
37.12	2.67E-02
37.143	             
37.184	2.69E-02
37.207	             
37.248	2.68E-02
37.271	             
37.312	2.69E-02
37.335	             
37.399	             
37.408	2.71E-02
37.463	             
37.472	2.70E-02
37.527	             
37.536	2.71E-02
37.591	             
37.6	2.73E-02
37.655	             
37.664	2.69E-02
37.719	             
37.728	2.67E-02
37.792	2.66E-02
37.815	             
37.856	2.65E-02
37.879	             
37.92	2.62E-02
37.943	             
37.984	2.60E-02
38.007	             
38.048	2.53E-02
38.071	             
38.112	2.25E-02
38.135	             
38.199	             
38.208	2.20E-02
38.263	             
38.272	2.17E-02
38.327	             
38.336	2.14E-02
38.391	             
38.4	2.13E-02
38.455	             
38.464	2.15E-02
38.519	             
38.528	2.12E-02
38.592	2.05E-02
38.615	             
38.656	2.02E-02
38.679	             
38.72	1.99E-02
38.743	             
38.784	1.95E-02
38.807	             
38.848	1.92E-02
38.871	             
38.912	1.88E-02
38.935	             
38.999	             
39.008	1.83E-02
39.063	             
39.072	1.76E-02
39.127	             
39.136	1.72E-02
39.191	             
39.2	1.71E-02
39.255	             
39.264	1.68E-02
39.319	             
39.328	1.68E-02
39.392	1.66E-02
39.415	             
39.456	1.68E-02
39.479	             
39.52	1.67E-02
39.543	             
39.584	1.63E-02
39.607	             
39.648	1.57E-02
39.671	             
39.712	1.54E-02
39.735	             
39.799	             
39.808	1.56E-02
39.863	             
39.872	1.55E-02
39.926	             
39.936	1.56E-02
39.991	             
40	1.54E-02
40.055	             
40.064	1.50E-02
40.118	             
40.128	1.42E-02
40.192	1.49E-02
40.215	             
40.256	1.56E-02
40.279	             
40.32	1.63E-02
40.343	             
40.384	1.66E-02
40.406	             
40.448	1.71E-02
40.47	             
40.512	1.77E-02
40.534	             
40.598	             
40.608	1.83E-02
40.662	             
40.672	1.87E-02
40.727	             
40.736	1.94E-02
40.79	             
40.8	1.96E-02
40.855	             
40.864	1.96E-02
40.918	             
40.928	2.00E-02
40.992	2.04E-02
41.014	             
41.056	2.08E-02
41.078	             
41.12	2.13E-02
41.143	             
41.184	2.19E-02
41.206	             
41.248	2.24E-02
41.27	             
41.312	2.28E-02
41.334	             
41.399	             
41.408	2.35E-02
41.462	             
41.472	2.42E-02
41.526	             
41.536	2.46E-02
41.59	             
41.6	2.51E-02
41.654	             
41.664	2.56E-02
41.718	             
41.728	2.58E-02
41.792	2.61E-02
41.814	             
41.856	2.65E-02
41.878	             
41.92	2.67E-02
41.943	             
41.984	2.69E-02
42.006	             
42.048	2.66E-02
42.07	             
42.112	2.68E-02
42.134	             
42.176	2.70E-02
42.198	             
42.262	             
42.272	2.70E-02
42.326	             
42.336	2.73E-02
42.39	             
42.4	2.72E-02
42.454	             
42.464	2.73E-02
42.518	             
42.528	2.74E-02
42.592	2.73E-02
42.614	             
42.656	2.73E-02
42.678	             
42.72	2.75E-02
42.742	             
42.784	2.76E-02
42.806	             
42.848	2.76E-02
42.87	             
42.912	2.77E-02
42.934	             
42.976	2.76E-02
42.998	             
43.062	             
43.072	2.77E-02
43.126	             
43.136	2.76E-02
43.19	             
43.2	2.74E-02
43.254	             
43.264	2.63E-02
43.318	             
43.328	2.57E-02
43.392	2.52E-02
43.414	             
43.456	2.50E-02
43.478	             
43.52	2.44E-02
43.543	             
43.584	2.40E-02
43.606	             
43.648	2.26E-02
43.67	             
43.712	2.20E-02
43.734	             
43.776	2.17E-02
43.798	             
43.862	             
43.872	2.13E-02
43.926	             
43.936	2.00E-02
43.99	             
44	1.96E-02
44.054	             
44.064	1.95E-02
44.118	             
44.128	1.91E-02
44.192	1.87E-02
44.214	             
44.256	1.84E-02
44.278	             
44.32	1.81E-02
44.342	             
44.384	1.81E-02
44.406	             
44.448	1.78E-02
44.47	             
44.512	1.77E-02
44.534	             
44.576	1.76E-02
44.598	             
44.662	             
44.672	1.77E-02
44.726	             
44.736	1.76E-02
44.79	             
44.8	1.75E-02
44.854	             
44.864	1.76E-02
44.918	             
44.928	1.77E-02
44.992	1.75E-02
45.014	             
45.056	1.63E-02
45.078	             
45.12	1.46E-02
45.142	             
45.184	1.46E-02
45.206	             
45.248	1.51E-02
45.27	             
45.312	1.56E-02
45.334	             
45.376	1.60E-02
45.398	             
45.462	             
45.472	1.62E-02
45.526	             
45.536	1.67E-02
45.59	             
45.6	1.72E-02
45.654	             
45.664	1.73E-02
45.718	             
45.728	1.77E-02
45.792	1.82E-02
45.814	             
45.856	1.82E-02
45.878	             
45.92	1.78E-02
45.942	             
45.984	1.81E-02
46.006	             
46.048	1.86E-02
46.07	             
46.112	1.90E-02
46.134	             
46.176	1.93E-02
46.198	             
46.262	             
46.272	1.97E-02
46.326	             
46.336	2.02E-02
46.39	             
46.4	2.08E-02
46.454	             
46.464	2.12E-02
46.518	             
46.528	2.21E-02
46.582	             
46.591	2.28E-02
46.656	2.36E-02
46.678	             
46.72	2.43E-02
46.742	             
46.783	2.48E-02
46.806	             
46.848	2.50E-02
46.87	             
46.911	2.54E-02
46.934	             
46.976	2.58E-02
46.998	             
47.062	             
47.072	2.62E-02
47.126	             
47.135	2.62E-02
47.19	             
47.199	2.61E-02
47.254	             
47.263	2.63E-02
47.318	             
47.327	2.63E-02
47.392	2.64E-02
47.414	             
47.455	2.66E-02
47.478	             
47.52	2.67E-02
47.542	             
47.584	2.70E-02
47.606	             
47.647	2.70E-02
47.671	             
47.712	2.70E-02
47.735	             
47.777	2.70E-02
47.799	             
47.863	             
47.872	2.70E-02
47.927	             
47.937	2.69E-02
47.991	             
48	2.71E-02
48.055	             
48.064	2.72E-02
48.119	             
48.128	2.71E-02
48.183	             
48.192	2.73E-02
48.256	2.73E-02
48.279	             
48.32	2.74E-02
48.343	             
48.384	2.72E-02
48.407	             
48.448	2.71E-02
48.471	             
48.512	2.68E-02
48.535	             
48.576	2.66E-02
48.599	             
48.663	             
48.672	2.62E-02
48.727	             
48.736	2.56E-02
48.791	             
48.8	2.23E-02
48.855	             
48.864	2.14E-02
48.919	             
48.928	2.12E-02
48.983	             
48.992	2.10E-02
49.056	2.07E-02
49.079	             
49.12	2.05E-02
49.143	             
49.184	2.04E-02
49.207	             
49.248	2.04E-02
49.271	             
49.312	2.02E-02
49.335	             
49.376	2.00E-02
49.399	             
49.463	             
49.472	1.98E-02
49.527	             
49.536	1.95E-02
49.591	             
49.6	1.93E-02
49.655	             
49.664	1.90E-02
49.719	             
49.728	1.88E-02
49.783	             
49.792	1.86E-02
49.856	1.78E-02
49.879	             
49.92	1.68E-02
49.943	             
49.984	1.66E-02
50.007	             
50.048	1.65E-02
50.071	             
50.112	1.67E-02
50.135	             
50.176	1.72E-02
50.199	             
50.263	             
50.272	1.73E-02
50.327	             
50.336	1.74E-02
50.391	             
50.4	1.71E-02
50.455	             
50.464	1.70E-02
50.519	             
50.528	1.70E-02
50.583	             
50.592	1.73E-02
50.656	1.75E-02
50.679	             
50.72	1.69E-02
50.743	             
50.784	1.54E-02
50.807	             
50.848	1.49E-02
50.871	             
50.912	1.55E-02
50.935	             
50.976	1.63E-02
50.999	             
51.063	             
51.072	1.68E-02
51.127	             
51.136	1.73E-02
51.191	             
51.2	1.77E-02
51.255	             
51.264	1.82E-02
51.319	             
51.328	1.83E-02
51.383	             
51.392	1.88E-02
51.456	1.91E-02
51.479	             
51.52	1.95E-02
51.543	             
51.584	2.00E-02
51.607	             
51.648	2.03E-02
51.671	             
51.712	2.08E-02
51.735	             
51.776	2.13E-02
51.799	             
51.863	             
51.872	2.19E-02
51.927	             
51.936	2.26E-02
51.991	             
52	2.33E-02
52.055	             
52.064	2.36E-02
52.119	             
52.128	2.32E-02
52.183	             
52.192	2.35E-02
52.256	2.39E-02
52.279	             
52.32	2.40E-02
52.343	             
52.384	2.44E-02
52.407	             
52.448	2.46E-02
52.471	             
52.512	2.50E-02
52.535	             
52.576	2.53E-02
52.599	             
52.663	             
52.672	2.55E-02
52.727	             
52.736	2.59E-02
52.791	             
52.8	2.61E-02
52.855	             
52.864	2.62E-02
52.919	             
52.928	2.62E-02
52.983	             
52.992	2.62E-02
53.056	2.63E-02
53.079	             
53.12	2.63E-02
53.143	             
53.184	2.66E-02
53.207	             
53.248	2.67E-02
53.271	             
53.312	2.67E-02
53.335	             
53.376	2.67E-02
53.399	             
53.463	             
53.472	2.67E-02
53.527	             
53.536	2.66E-02
53.591	             
53.6	2.66E-02
53.655	             
53.667	2.65E-02
53.719	             
53.728	2.63E-02
53.783	             
53.792	2.59E-02
53.856	2.57E-02
53.879	             
53.92	2.53E-02
53.943	             
53.984	2.50E-02
54.007	             
54.048	2.47E-02
54.071	             
54.112	2.42E-02
54.135	             
54.176	2.36E-02
54.199	             
54.24	2.16E-02
54.263	             
54.327	             
54.336	2.06E-02
54.391	             
54.4	2.02E-02
54.455	             
54.464	1.99E-02
54.519	             
54.528	1.97E-02
54.583	             
54.592	1.95E-02
54.656	1.93E-02
54.679	             
54.72	1.92E-02
54.743	             
54.784	1.91E-02
54.807	             
54.848	1.89E-02
54.871	             
54.912	1.83E-02
54.935	             
54.976	1.74E-02
54.999	             
55.04	1.72E-02
55.063	             
55.127	             
55.136	1.69E-02
55.191	             
55.2	1.69E-02
55.255	             
55.264	1.68E-02
55.319	             
55.328	1.69E-02
55.383	             
55.392	1.64E-02
55.456	1.63E-02
55.479	             
55.52	1.65E-02
55.543	             
55.584	1.63E-02
55.607	             
55.648	1.64E-02
55.671	             
55.712	1.63E-02
55.735	             
55.776	1.64E-02
55.799	             
55.84	1.64E-02
55.863	             
55.927	             
55.936	1.64E-02
55.991	             
56	1.64E-02
56.055	             
56.064	1.64E-02
56.119	             
56.128	1.63E-02
56.183	             
56.192	1.64E-02
56.256	1.63E-02
56.279	             
56.32	1.65E-02
56.343	             
56.384	1.67E-02
56.407	             
56.448	1.67E-02
56.471	             
56.512	1.66E-02
56.535	             
56.576	1.53E-02
56.599	             
56.64	1.38E-02
56.663	             
56.727	             
56.736	1.36E-02
56.791	             
56.8	1.36E-02
56.855	             
56.864	1.41E-02
56.919	             
56.928	1.48E-02
56.983	             
56.992	1.54E-02
57.056	1.60E-02
57.079	             
57.12	1.66E-02
57.142	             
57.184	1.70E-02
57.207	             
57.248	1.74E-02
57.271	             
57.312	1.77E-02
57.335	             
57.376	1.81E-02
57.399	             
57.44	1.85E-02
57.463	             
57.527	             
57.536	1.89E-02
57.591	             
57.6	1.94E-02
57.655	             
57.664	1.98E-02
57.718	             
57.728	2.04E-02
57.783	             
57.792	2.11E-02
57.856	2.17E-02
57.879	             
57.92	2.23E-02
57.942	             
57.984	2.28E-02
58.006	             
58.048	2.33E-02
58.071	             
58.112	2.37E-02
58.134	             
58.176	2.36E-02
58.198	             
58.24	2.28E-02
58.262	             
58.327	             
58.336	2.31E-02
58.391	             
58.4	2.31E-02
58.455	             
58.464	2.35E-02
58.518	             
58.528	2.38E-02
58.582	             
58.592	2.39E-02
58.656	2.42E-02
58.678	             
58.72	2.44E-02
58.742	             
58.784	2.45E-02
58.806	             
58.848	2.48E-02
58.87	             
58.912	2.47E-02
58.935	             
58.976	2.50E-02
58.998	             
59.04	2.50E-02
59.062	             
59.126	             
59.136	2.52E-02
59.19	             
59.2	2.52E-02
59.254	             
59.264	2.52E-02
59.318	             
59.328	2.54E-02
59.382	             
59.392	2.51E-02
59.446	             
59.456	2.51E-02
59.52	2.51E-02
59.542	             
59.584	2.49E-02
59.606	             
59.648	2.48E-02
59.67	             
59.712	2.45E-02
59.734	             
59.776	2.41E-02
59.798	             
59.84	2.38E-02
59.862	             
59.926	             
59.936	2.37E-02
59.99	             
60	2.34E-02
60.054	             
60.064	2.31E-02
60.118	             
60.128	2.27E-02
60.182	             
60.192	2.15E-02
60.246	             
60.256	2.01E-02
60.32	1.99E-02
60.342	             
60.384	1.96E-02
60.406	             
60.448	1.94E-02
60.47	             
60.512	1.93E-02
60.534	             
60.576	1.91E-02
60.598	             
60.64	1.89E-02
60.662	             
60.726	             
60.736	1.88E-02
60.79	             
60.8	1.87E-02
60.854	             
60.864	1.84E-02
60.918	             
60.928	1.78E-02
60.982	             
60.992	1.69E-02
61.046	             
61.056	1.68E-02
61.12	1.67E-02
61.142	             
61.184	1.58E-02
61.206	             
61.248	1.40E-02
61.27	             
61.312	1.40E-02
61.334	             
61.376	1.39E-02
61.398	             
61.44	1.41E-02
61.462	             
61.526	             
61.536	1.41E-02
61.59	             
61.6	1.43E-02
61.654	             
61.664	1.47E-02
61.718	             
61.728	1.49E-02
61.782	             
61.792	1.47E-02
61.846	             
61.856	1.51E-02
61.92	1.54E-02
61.942	             
61.984	1.60E-02
62.006	             
62.048	1.63E-02
62.07	             
62.112	1.65E-02
62.134	             
62.176	1.58E-02
62.198	             
62.24	1.46E-02
62.262	             
62.326	             
62.336	1.54E-02
62.39	             
62.4	1.60E-02
62.454	             
62.464	1.65E-02
62.518	             
62.528	1.69E-02
62.582	             
62.592	1.72E-02
62.646	             
62.656	1.77E-02
62.72	1.81E-02
62.742	             
62.784	1.86E-02
62.806	             
62.848	1.88E-02
62.87	             
62.912	1.90E-02
62.934	             
62.976	1.92E-02
62.998	             
63.04	1.94E-02
63.062	             
63.126	             
63.136	1.94E-02
63.19	             
63.2	1.97E-02
63.254	             
63.264	1.99E-02
63.318	             
63.328	2.02E-02
63.382	             
63.392	2.05E-02
63.446	             
63.456	2.09E-02
63.52	2.11E-02
63.542	             
63.584	2.09E-02
63.606	             
63.648	2.03E-02
63.67	             
63.712	2.08E-02
63.734	             
63.776	2.10E-02
63.798	             
63.84	2.14E-02
63.862	             
63.926	             
63.935	2.17E-02
63.99	             
64	2.20E-02
64.054	             
64.064	2.25E-02
64.118	             
64.127	2.26E-02
64.182	             
64.192	2.32E-02
64.246	             
64.255	2.31E-02
64.32	2.32E-02
64.342	             
64.383	2.31E-02
64.406	             
64.448	2.32E-02
64.47	             
64.512	2.30E-02
64.534	             
64.575	2.29E-02
64.598	             
64.64	2.26E-02
64.662	             
64.726	             
64.735	2.26E-02
64.79	             
64.799	2.25E-02
64.854	             
64.863	2.25E-02
64.918	             
64.927	2.23E-02
64.982	             
64.991	2.19E-02
65.046	             
65.055	2.07E-02
65.119	2.01E-02
65.142	             
65.185	1.98E-02
65.207	             
65.248	1.96E-02
65.271	             
65.313	1.95E-02
65.335	             
65.376	1.95E-02
65.399	             
65.44	1.94E-02
65.463	             
65.527	             
65.536	1.95E-02
65.591	             
65.601	1.95E-02
65.655	             
65.664	1.93E-02
65.719	             
65.728	1.92E-02
65.783	             
65.792	1.85E-02
65.847	             
65.856	1.84E-02
65.92	1.82E-02
65.943	             
65.984	1.81E-02
66.007	             
66.048	1.79E-02
66.071	             
66.112	1.76E-02
66.135	             
66.176	1.74E-02
66.199	             
66.24	1.72E-02
66.263	             
66.327	             
66.336	1.72E-02
66.391	             
66.4	1.70E-02
66.455	             
66.464	1.68E-02
66.519	             
66.528	1.68E-02
66.583	             
66.592	1.62E-02
66.647	             
66.656	1.56E-02
66.72	1.57E-02
66.743	             
66.784	1.58E-02
66.807	             
66.848	1.58E-02
66.871	             
66.912	1.57E-02
66.935	             
66.976	1.55E-02
66.999	             
67.04	1.50E-02
67.063	             
67.127	             
67.136	1.48E-02
67.191	             
67.2	1.37E-02
67.255	             
67.264	1.35E-02
67.319	             
67.328	1.40E-02
67.383	             
67.392	1.47E-02
67.447	             
67.456	1.52E-02
67.52	1.58E-02
67.543	             
67.584	1.63E-02
67.607	             
67.648	1.69E-02
67.671	             
67.712	1.72E-02
67.735	             
67.776	1.74E-02
67.799	             
67.84	1.78E-02
67.863	             
67.904	1.79E-02
67.927	             
67.991	             
68	1.80E-02
68.055	             
68.064	1.78E-02
68.119	             
68.128	1.78E-02
68.183	             
68.192	1.75E-02
68.247	             
68.256	1.73E-02
68.32	1.71E-02
68.343	             
68.384	1.68E-02
68.407	             
68.448	1.67E-02
68.471	             
68.512	1.65E-02
68.535	             
68.576	1.67E-02
68.599	             
68.64	1.69E-02
68.663	             
68.704	1.74E-02
68.727	             
68.791	             
68.8	1.78E-02
68.855	             
68.864	1.81E-02
68.919	             
68.928	1.89E-02
68.983	             
68.992	1.98E-02
69.047	             
69.056	2.06E-02
69.12	2.14E-02
69.143	             
69.184	2.19E-02
69.207	             
69.248	2.23E-02
69.271	             
69.312	2.24E-02
69.335	             
69.376	2.26E-02
69.399	             
69.44	2.28E-02
69.463	             
69.504	2.27E-02
69.527	             
69.591	             
69.6	2.26E-02
69.655	             
69.664	2.27E-02
69.719	             
69.728	2.28E-02
69.783	             
69.792	2.28E-02
69.847	             
69.856	2.23E-02
69.92	2.09E-02
69.943	             
69.984	2.03E-02
70.007	             
70.048	1.98E-02
70.071	             
70.112	1.97E-02
70.135	             
70.176	1.93E-02
70.199	             
70.24	1.86E-02
70.263	             
70.304	1.74E-02
70.327	             
70.391	             
70.4	1.69E-02
70.455	             
70.464	1.67E-02
70.519	             
70.528	1.66E-02
70.583	             
70.592	1.65E-02
70.647	             
70.656	1.64E-02
70.72	1.64E-02
70.743	             
70.784	1.64E-02
70.807	             
70.848	1.69E-02
70.871	             
70.912	1.70E-02
70.935	             
70.976	1.73E-02
70.999	             
71.04	1.76E-02
71.063	             
71.104	1.76E-02
71.127	             
71.191	             
71.2	1.76E-02
71.255	             
71.264	1.75E-02
71.319	             
71.328	1.74E-02
71.383	             
71.392	1.73E-02
71.447	             
71.456	1.73E-02
71.52	1.73E-02
71.543	             
71.584	1.70E-02
71.607	             
71.649	1.69E-02
71.671	             
71.712	1.67E-02
71.735	             
71.776	1.66E-02
71.799	             
71.84	1.57E-02
71.863	             
71.904	1.32E-02
71.927	             
71.991	             
72	1.33E-02
72.055	             
72.064	1.32E-02
72.119	             
72.128	1.34E-02
72.183	             
72.192	1.38E-02
72.247	             
72.256	1.40E-02
72.311	             
72.32	1.46E-02
72.384	1.47E-02
72.407	             
72.448	1.54E-02
72.471	             
72.512	1.56E-02
72.535	             
72.576	1.59E-02
72.599	             
72.64	1.60E-02
72.663	             
72.704	1.61E-02
72.727	             
72.791	             
72.8	1.55E-02
72.855	             
72.864	1.61E-02
72.919	             
72.928	1.65E-02
72.983	             
72.992	1.68E-02
73.047	             
73.056	1.69E-02
73.111	             
73.12	1.68E-02
73.184	1.64E-02
73.207	             
73.248	1.61E-02
73.271	             
73.312	1.56E-02
73.335	             
73.376	1.50E-02
73.399	             
73.44	1.44E-02
73.463	             
73.504	1.42E-02
73.527	             
73.591	             
73.6	1.43E-02
73.655	             
73.664	1.44E-02
73.719	             
73.728	1.49E-02
73.783	             
73.792	1.55E-02
73.847	             
73.856	1.57E-02
73.911	             
73.92	1.55E-02
73.984	1.57E-02
74.007	             
74.048	1.61E-02
74.071	             
74.112	1.66E-02
74.135	             
74.176	1.68E-02
74.199	             
74.24	1.71E-02
74.263	             
74.304	1.75E-02
74.327	             
74.391	             
74.4	1.76E-02
74.455	             
74.464	1.79E-02
74.519	             
74.528	1.81E-02
74.583	             
74.592	1.85E-02
74.647	             
74.656	1.86E-02
74.711	             
74.72	1.86E-02
74.784	1.87E-02
74.806	             
74.848	1.89E-02
74.871	             
74.912	1.90E-02
74.935	             
74.976	1.89E-02
74.999	             
75.04	1.88E-02
75.063	             
75.104	1.88E-02
75.127	             
75.19	             
75.2	1.86E-02
75.255	             
75.264	1.85E-02
75.319	             
75.328	1.84E-02
75.383	             
75.392	1.83E-02
75.447	             
75.456	1.81E-02
75.51	             
75.52	1.72E-02
75.584	1.56E-02
75.607	             
75.648	1.51E-02
75.67	             
75.712	1.48E-02
75.734	             
75.776	1.47E-02
75.798	             
75.84	1.45E-02
75.862	             
75.904	1.44E-02
75.926	             
75.99	             
76	1.42E-02
76.054	             
76.064	1.43E-02
76.119	             
76.128	1.47E-02
76.182	             
76.192	1.57E-02
76.246	             
76.256	1.58E-02
76.31	             
76.32	1.59E-02
76.384	1.59E-02
76.407	             
76.448	1.60E-02
76.47	             
76.512	1.59E-02
76.534	             
76.576	1.59E-02
76.598	             
76.64	1.58E-02
76.662	             
76.704	1.58E-02
76.726	             
76.79	             
76.8	1.57E-02
76.854	             
76.864	1.58E-02
76.918	             
76.928	1.58E-02
76.982	             
76.992	1.58E-02
77.046	             
77.056	1.58E-02
77.111	             
77.12	1.57E-02
77.184	1.58E-02
77.206	             
77.248	1.58E-02
77.27	             
77.312	1.57E-02
77.334	             
77.376	1.59E-02
77.398	             
77.44	1.59E-02
77.462	             
77.504	1.58E-02
77.526	             
77.59	             
77.6	1.53E-02
77.654	             
77.664	1.34E-02
77.718	             
77.728	1.33E-02
77.782	             
77.792	1.38E-02
77.846	             
77.856	1.45E-02
77.91	             
77.92	1.51E-02
77.984	1.53E-02
78.006	             
78.048	1.53E-02
78.07	             
78.112	1.52E-02
78.134	             
78.176	1.50E-02
78.198	             
78.24	1.48E-02
78.262	             
78.304	1.47E-02
78.326	             
78.39	             
78.4	1.45E-02
78.454	             
78.464	1.43E-02
78.518	             
78.528	1.41E-02
78.582	             
78.592	1.38E-02
78.646	             
78.656	1.38E-02
78.71	             
78.72	1.34E-02
78.784	1.31E-02
78.806	             
78.848	1.28E-02
78.87	             
78.912	1.28E-02
78.934	             
78.976	1.29E-02
78.998	             
79.04	1.30E-02
79.062	             
79.104	1.32E-02
79.126	             
79.19	             
79.2	1.34E-02
79.254	             
79.264	1.37E-02
79.318	             
79.328	1.41E-02
79.382	             
79.392	1.46E-02
79.446	             
79.456	1.50E-02
79.51	             
79.52	1.57E-02
79.584	1.65E-02
79.606	             
79.648	1.71E-02
79.67	             
79.712	1.73E-02
79.734	             
79.776	1.75E-02
79.798	             
79.84	1.76E-02
79.862	             
79.904	1.75E-02
79.926	             
79.99	             
80	1.75E-02
80.054	             
80.064	1.75E-02
80.118	             
80.128	1.76E-02
80.182	             
80.192	1.76E-02
80.246	             
80.256	1.73E-02
80.31	             
80.32	1.69E-02
80.384	1.66E-02
80.406	             
80.448	1.65E-02
80.47	             
80.512	1.63E-02
80.534	             
80.576	1.61E-02
80.598	             
80.639	1.60E-02
80.662	             
80.704	1.53E-02
80.726	             
80.768	1.47E-02
80.79	             
80.854	             
80.864	1.44E-02
80.918	             
80.927	1.41E-02
80.982	             
80.992	1.39E-02
81.046	             
81.056	1.38E-02
81.11	             
81.12	1.39E-02
81.184	1.37E-02
81.206	             
81.248	1.36E-02
81.27	             
81.312	1.37E-02
81.334	             
81.375	1.34E-02
81.398	             
81.439	1.30E-02
81.462	             
81.503	1.30E-02
81.526	             
81.567	1.28E-02
81.59	             
81.654	             
81.664	1.28E-02
81.718	             
81.727	1.29E-02
81.782	             
81.792	1.30E-02
81.846	             
81.856	1.30E-02
81.91	             
81.92	1.31E-02
81.984	1.31E-02
82.006	             
82.048	1.30E-02
82.07	             
82.112	1.30E-02
82.134	             
82.176	1.30E-02
82.198	             
82.24	1.33E-02
82.262	             
82.304	1.32E-02
82.326	             
82.367	1.27E-02
82.39	             
82.454	             
82.464	1.23E-02
82.518	             
82.527	1.08E-02
82.582	             
82.591	1.08E-02
82.647	             
82.657	1.11E-02
82.711	             
82.72	1.13E-02
82.784	1.16E-02
82.807	             
82.848	1.20E-02
82.871	             
82.912	1.24E-02
82.935	             
82.976	1.25E-02
82.999	             
83.04	1.27E-02
83.063	             
83.104	1.28E-02
83.127	             
83.168	1.31E-02
83.191	             
83.255	             
83.264	1.31E-02
83.319	             
83.328	1.30E-02
83.383	             
83.392	1.29E-02
83.447	             
83.456	1.29E-02
83.511	             
83.52	1.29E-02
83.584	1.27E-02
83.607	             
83.648	1.28E-02
83.671	             
83.712	1.25E-02
83.735	             
83.776	1.25E-02
83.799	             
83.84	1.24E-02
83.863	             
83.904	1.23E-02
83.927	             
83.968	1.22E-02
83.991	             
84.055	             
84.064	1.19E-02
84.119	             
84.128	1.16E-02
84.183	             
84.192	1.13E-02
84.247	             
84.256	1.12E-02
84.311	             
84.32	1.12E-02
84.384	1.14E-02
84.407	             
84.448	1.17E-02
84.471	             
84.512	1.20E-02
84.535	             
84.576	1.23E-02
84.599	             
84.64	1.26E-02
84.663	             
84.704	1.30E-02
84.727	             
84.768	1.32E-02
84.791	             
84.855	             
84.864	1.33E-02
84.919	             
84.928	1.35E-02
84.983	             
84.992	1.35E-02
85.047	             
85.056	1.29E-02
85.111	             
85.12	1.27E-02
85.184	1.28E-02
85.207	             
85.248	1.27E-02
85.271	             
85.312	1.27E-02
85.335	             
85.376	1.26E-02
85.399	             
85.44	1.25E-02
85.463	             
85.504	1.22E-02
85.527	             
85.568	1.21E-02
85.591	             
85.655	             
85.664	1.20E-02
85.719	             
85.728	1.19E-02
85.783	             
85.792	1.17E-02
85.847	             
85.856	1.18E-02
85.911	             
85.92	1.19E-02
85.975	             
85.984	1.18E-02
86.048	1.17E-02
86.071	             
86.112	1.17E-02
86.135	             
86.176	1.16E-02
86.199	             
86.24	1.15E-02
86.263	             
86.304	1.14E-02
86.327	             
86.368	1.12E-02
86.391	             
86.455	             
86.464	1.10E-02
86.519	             
86.528	1.08E-02
86.583	             
86.592	1.05E-02
86.647	             
86.656	1.04E-02
86.711	             
86.72	1.02E-02
86.775	             
86.784	1.01E-02
86.848	9.96E-03
86.871	             
86.912	9.90E-03
86.935	             
86.976	9.82E-03
86.999	             
87.04	9.82E-03
87.063	             
87.104	9.96E-03
87.127	             
87.168	1.01E-02
87.191	             
87.255	             
87.264	1.07E-02
87.319	             
87.328	1.10E-02
87.383	             
87.392	1.07E-02
87.447	             
87.456	1.00E-02
87.511	             
87.52	9.08E-03
87.575	             
87.584	9.14E-03
87.648	9.19E-03
87.671	             
87.712	9.29E-03
87.735	             
87.776	9.26E-03
87.799	             
87.84	9.23E-03
87.863	             
87.904	9.25E-03
87.927	             
87.968	9.26E-03
87.991	             
88.055	             
88.064	9.10E-03
88.119	             
88.128	9.06E-03
88.183	             
88.195	8.71E-03
88.247	             
88.256	8.09E-03
88.311	             
88.32	7.85E-03
88.375	             
88.384	7.67E-03
88.448	7.68E-03
88.471	             
88.512	7.90E-03
88.535	             
88.576	8.21E-03
88.599	             
88.64	8.62E-03
88.663	             
88.704	9.04E-03
88.727	             
88.768	9.36E-03
88.791	             
88.855	             
88.864	9.66E-03
88.919	             
88.928	9.73E-03
88.983	             
88.992	9.71E-03
89.047	             
89.056	9.59E-03
89.111	             
89.12	9.47E-03
89.175	             
89.184	9.30E-03
89.248	9.12E-03
89.271	             
89.312	8.82E-03
89.335	             
89.376	8.55E-03
89.399	             
89.44	8.32E-03
89.463	             
89.504	8.18E-03
89.527	             
89.568	8.16E-03
89.591	             
89.655	             
89.664	8.03E-03
89.719	             
89.728	8.03E-03
89.783	             
89.792	8.00E-03
89.847	             
89.856	7.99E-03
89.911	             
89.92	8.03E-03
89.975	             
89.984	8.07E-03
90.048	8.18E-03
90.071	             
90.112	8.02E-03
90.135	             
90.176	7.98E-03
90.199	             
90.24	7.98E-03
90.263	             
90.304	8.02E-03
90.327	             
90.368	8.08E-03
90.391	             
90.455	             
90.464	8.21E-03
90.519	             
90.528	8.40E-03
90.583	             
90.592	8.49E-03
90.647	             
90.656	8.53E-03
90.711	             
90.72	8.48E-03
90.775	             
90.784	8.47E-03
90.848	8.61E-03
90.871	             
90.912	8.59E-03
90.935	             
90.976	8.80E-03
90.999	             
91.04	8.79E-03
91.063	             
91.104	8.74E-03
91.127	             
91.168	8.69E-03
91.191	             
91.255	             
91.264	8.67E-03
91.319	             
91.328	8.66E-03
91.383	             
91.392	8.61E-03
91.447	             
91.456	8.52E-03
91.511	             
91.52	8.42E-03
91.575	             
91.584	8.28E-03
91.648	8.20E-03
91.671	             
91.712	8.13E-03
91.735	             
91.776	8.12E-03
91.799	             
91.84	8.18E-03
91.863	             
91.904	8.31E-03
91.927	             
91.968	8.48E-03
91.991	             
92.055	             
92.064	8.71E-03
92.119	             
92.128	8.73E-03
92.183	             
92.192	8.78E-03
92.247	             
92.256	8.84E-03
92.311	             
92.32	8.81E-03
92.374	             
92.384	8.81E-03
92.448	8.75E-03
92.471	             
92.512	7.88E-03
92.535	             
92.576	7.67E-03
92.599	             
92.64	7.64E-03
92.663	             
92.704	7.59E-03
92.727	             
92.768	7.57E-03
92.791	             
92.854	             
92.864	7.54E-03
92.919	             
92.928	7.54E-03
92.982	             
92.992	7.49E-03
93.047	             
93.056	7.38E-03
93.11	             
93.12	7.13E-03
93.174	             
93.184	7.23E-03
93.248	7.15E-03
93.27	             
93.312	7.12E-03
93.335	             
93.376	7.07E-03
93.398	             
93.44	7.08E-03
93.463	             
93.504	7.10E-03
93.526	             
93.568	7.08E-03
93.591	             
93.654	             
93.664	7.12E-03
93.718	             
93.728	7.09E-03
93.782	             
93.792	7.10E-03
93.846	             
93.856	7.15E-03
93.91	             
93.92	7.18E-03
93.974	             
93.984	7.21E-03
94.048	7.30E-03
94.07	             
94.112	7.35E-03
94.135	             
94.176	7.36E-03
94.198	             
94.24	7.17E-03
94.262	             
94.304	7.25E-03
94.326	             
94.368	7.41E-03
94.39	             
94.432	7.58E-03
94.455	             
94.518	             
94.528	7.78E-03
94.582	             
94.592	7.97E-03
94.646	             
94.656	8.16E-03
94.71	             
94.72	8.33E-03
94.774	             
94.784	8.35E-03
94.848	8.28E-03
94.87	             
94.912	8.05E-03
94.934	             
94.976	7.80E-03
94.998	             
95.04	7.53E-03
95.062	             
95.104	7.55E-03
95.126	             
95.168	7.51E-03
95.191	             
95.232	7.37E-03
95.254	             
95.318	             
95.328	7.34E-03
95.382	             
95.392	7.63E-03
95.446	             
95.456	7.90E-03
95.51	             
95.52	8.10E-03
95.574	             
95.584	8.06E-03
95.648	8.03E-03
95.67	             
95.712	8.12E-03
95.734	             
95.776	7.77E-03
95.798	             
95.84	7.78E-03
95.862	             
95.904	7.78E-03
95.926	             
95.968	7.78E-03
95.99	             
96.032	7.82E-03
96.054	             
96.118	             
96.128	7.87E-03
96.182	             
96.192	7.88E-03
96.246	             
96.256	7.93E-03
96.31	             
96.32	8.00E-03
96.374	             
96.384	7.99E-03
96.448	7.95E-03
96.47	             
96.512	7.93E-03
96.534	             
96.576	7.89E-03
96.598	             
96.64	7.74E-03
96.662	             
96.704	8.02E-03
96.726	             
96.768	8.23E-03
96.79	             
96.832	8.41E-03
96.854	             
96.918	             
96.928	8.54E-03
96.982	             
96.992	8.66E-03
97.046	             
97.056	8.67E-03
97.11	             
97.12	8.68E-03
97.174	             
97.184	8.68E-03
97.248	8.42E-03
97.27	             
97.312	7.87E-03
97.334	             
97.376	7.47E-03
97.398	             
97.44	7.26E-03
97.462	             
97.504	7.14E-03
97.526	             
97.568	7.11E-03
97.59	             
97.632	7.06E-03
97.654	             
97.718	             
97.728	7.01E-03
97.782	             
97.792	6.98E-03
97.846	             
97.856	6.89E-03
97.91	             
97.92	6.86E-03
97.974	             
97.984	6.83E-03
98.038	             
98.048	6.85E-03
98.112	6.73E-03
98.134	             
98.176	6.72E-03
98.198	             
98.24	6.84E-03
98.262	             
98.304	6.89E-03
98.326	             
98.368	6.92E-03
98.39	             
98.432	6.88E-03
98.454	             
98.518	             
98.528	6.87E-03
98.582	             
98.592	6.80E-03
98.646	             
98.655	6.83E-03
98.71	             
98.72	6.75E-03
98.774	             
98.783	6.69E-03
98.838	             
98.848	6.73E-03
98.912	6.70E-03
98.934	             
98.976	6.64E-03
98.998	             
99.04	6.63E-03
99.062	             
99.104	6.68E-03
99.126	             
99.168	6.69E-03
99.19	             
99.232	6.72E-03
99.254	             
99.318	             
99.327	6.71E-03
99.382	             
99.391	6.65E-03
99.446	             
99.455	6.79E-03
99.51	             
99.519	6.98E-03
99.574	             
99.584	7.27E-03
99.638	             
99.647	7.57E-03
99.712	7.82E-03
99.734	             
99.776	8.00E-03
99.798	             
99.84	8.08E-03
99.862	             
99.904	8.07E-03
99.926	             
99.967	8.30E-03
99.99	             
100.031	8.26E-03
100.054	             
100.119	             
100.128	8.22E-03
100.183	             
100.192	8.17E-03
100.247	             
100.256	8.15E-03
100.311	             
100.32	8.11E-03
100.375	             
100.384	8.02E-03
100.439	             
100.448	7.91E-03
100.512	7.77E-03
100.535	             
100.576	7.74E-03
100.599	             
100.64	7.56E-03
100.663	             
100.705	7.61E-03
100.727	             
100.768	7.52E-03
100.791	             
100.832	7.43E-03
100.855	             
100.919	             
100.928	7.30E-03
100.983	             
100.992	7.31E-03
101.047	             
101.056	7.21E-03
101.111	             
101.12	7.26E-03
101.175	             
101.184	7.56E-03
101.239	             
101.248	7.63E-03
101.312	7.67E-03
101.335	             
101.376	7.66E-03
101.399	             
101.44	7.66E-03
101.463	             
101.504	7.77E-03
101.527	             
101.568	7.77E-03
101.591	             
101.632	8.06E-03
101.655	             
101.719	             
101.728	8.20E-03
101.783	             
101.792	8.25E-03
101.847	             
101.856	8.31E-03
101.911	             
101.92	8.32E-03
101.975	             
101.984	8.39E-03
102.039	             
102.048	8.43E-03
102.112	8.44E-03
102.135	             
102.176	8.48E-03
102.199	             
102.24	8.50E-03
102.263	             
102.304	8.39E-03
102.327	             
102.368	8.35E-03
102.391	             
102.432	8.35E-03
102.455	             
102.519	             
102.528	8.26E-03
102.583	             
102.592	8.13E-03
102.647	             
102.656	8.06E-03
102.711	             
102.72	7.71E-03
102.775	             
102.784	7.46E-03
102.839	             
102.848	7.52E-03
102.912	7.49E-03
102.935	             
102.976	7.52E-03
102.999	             
103.04	7.44E-03
103.063	             
103.104	7.38E-03
103.127	             
103.168	6.64E-03
103.191	             
103.232	6.63E-03
103.255	             
103.319	             
103.328	6.58E-03
103.383	             
103.392	6.55E-03
103.447	             
103.456	6.57E-03
103.511	             
103.52	6.58E-03
103.575	             
103.584	6.66E-03
103.639	             
103.648	6.67E-03
103.712	6.62E-03
103.735	             
103.776	6.60E-03
103.799	             
103.84	6.55E-03
103.863	             
103.904	6.60E-03
103.927	             
103.968	6.54E-03
103.991	             
104.032	6.46E-03
104.055	             
104.119	             
104.128	6.00E-03
104.183	             
104.192	6.02E-03
104.247	             
104.256	6.11E-03
104.311	             
104.32	6.25E-03
104.375	             
104.384	6.37E-03
104.439	             
104.448	6.48E-03
104.512	6.66E-03
104.535	             
104.576	6.79E-03
104.599	             
104.64	6.96E-03
104.663	             
104.704	7.21E-03
104.727	             
104.768	7.37E-03
104.791	             
104.832	7.51E-03
104.855	             
104.919	             
104.928	7.64E-03
104.983	             
104.992	7.89E-03
105.047	             
105.056	8.05E-03
105.111	             
105.12	8.21E-03
105.175	             
105.184	8.37E-03
105.239	             
105.248	8.43E-03
105.312	8.50E-03
105.335	             
105.376	8.51E-03
105.399	             
105.44	8.53E-03
105.463	             
105.504	8.60E-03
105.527	             
105.568	8.57E-03
105.591	             
105.632	8.36E-03
105.655	             
105.719	             
105.728	8.17E-03
105.783	             
105.792	7.90E-03
105.847	             
105.856	7.76E-03
105.911	             
105.92	7.52E-03
105.975	             
105.984	7.06E-03
106.039	             
106.048	6.67E-03
106.112	6.44E-03
106.135	             
106.176	6.27E-03
106.199	             
106.24	6.14E-03
106.263	             
106.304	6.17E-03
106.327	             
106.368	6.42E-03
106.391	             
106.432	6.40E-03
106.455	             
106.519	             
106.528	6.45E-03
106.583	             
106.592	6.44E-03
106.647	             
106.656	6.47E-03
106.711	             
106.72	6.48E-03
106.775	             
106.784	6.58E-03
106.839	             
106.848	6.62E-03
106.912	7.30E-03
106.935	             
106.976	7.57E-03
106.999	             
107.04	7.79E-03
107.063	             
107.104	8.18E-03
107.127	             
107.168	8.20E-03
107.191	             
107.232	8.19E-03
107.255	             
107.296	8.12E-03
107.319	             
107.383	             
107.392	8.06E-03
107.447	             
107.456	8.01E-03
107.511	             
107.52	7.97E-03
107.575	             
107.584	7.95E-03
107.639	             
107.648	7.98E-03
107.712	7.89E-03
107.735	             
107.776	7.89E-03
107.799	             
107.84	7.81E-03
107.863	             
107.904	7.72E-03
107.927	             
107.968	7.67E-03
107.991	             
108.032	7.42E-03
108.055	             
108.119	             
108.128	7.46E-03
108.183	             
108.192	7.44E-03
108.247	             
108.256	7.38E-03
108.311	             
108.32	7.39E-03
108.375	             
108.384	7.33E-03
108.439	             
108.448	7.26E-03
108.512	7.22E-03
108.535	             
108.576	7.20E-03
108.599	             
108.64	7.10E-03
108.663	             
108.704	7.03E-03
108.727	             
108.768	6.98E-03
108.791	             
108.832	6.79E-03
108.855	             
108.896	5.99E-03
108.919	             
108.983	             
108.992	5.85E-03
109.047	             
109.056	5.90E-03
109.111	             
109.12	5.87E-03
109.175	             
109.184	5.92E-03
109.239	             
109.248	6.04E-03
109.312	6.17E-03
109.335	             
109.376	6.25E-03
109.399	             
109.44	6.35E-03
109.463	             
109.504	6.47E-03
109.526	             
109.568	6.55E-03
109.591	             
109.632	6.53E-03
109.655	             
109.696	6.67E-03
109.719	             
109.783	             
109.792	6.70E-03
109.847	             
109.856	6.69E-03
109.911	             
109.92	6.34E-03
109.975	             
109.984	6.49E-03
110.039	             
110.048	6.69E-03
110.112	6.86E-03
110.135	             
110.176	7.06E-03
110.199	             
110.24	7.31E-03
110.263	             
110.304	7.45E-03
110.327	             
110.368	7.39E-03
110.391	             
110.432	7.42E-03
110.455	             
110.496	7.43E-03
110.518	             
110.582	             
110.592	7.44E-03
110.647	             
110.656	7.42E-03
110.71	             
110.72	7.44E-03
110.774	             
110.784	7.40E-03
110.838	             
110.848	7.43E-03
110.902	             
110.912	7.41E-03
110.976	7.44E-03
110.998	             
111.04	7.45E-03
111.062	             
111.104	7.45E-03
111.126	             
111.168	7.46E-03
111.19	             
111.232	7.44E-03
111.254	             
111.296	7.40E-03
111.318	             
111.382	             
111.392	7.43E-03
111.446	             
111.456	7.47E-03
111.51	             
111.52	7.45E-03
111.574	             
111.584	7.42E-03
111.638	             
111.648	7.40E-03
111.702	             
111.712	7.40E-03
111.776	7.39E-03
111.798	             
111.84	7.38E-03
111.862	             
111.904	7.38E-03
111.926	             
111.968	7.44E-03
111.99	             
112.032	7.45E-03
112.054	             
112.096	7.40E-03
112.118	             
112.182	             
112.192	7.42E-03
112.246	             
112.256	7.44E-03
112.31	             
112.32	7.43E-03
112.374	             
112.384	7.42E-03
112.438	             
112.448	7.45E-03
112.502	             
112.512	7.43E-03
112.576	7.44E-03
112.598	             
112.64	7.41E-03
112.662	             
112.704	7.44E-03
112.726	             
112.768	7.44E-03
112.79	             
112.832	7.47E-03
112.854	             
112.896	7.45E-03
112.918	             
112.982	             
112.992	7.45E-03
113.046	             
113.056	7.42E-03
113.11	             
113.12	7.43E-03
113.174	             
113.184	7.43E-03
113.238	             
113.248	7.43E-03
113.302	             
113.312	7.45E-03
113.376	7.45E-03
113.398	             
113.44	7.43E-03
113.462	             
113.504	7.43E-03
113.526	             
113.568	7.45E-03
113.59	             
113.632	7.44E-03
113.654	             
113.696	7.42E-03
113.718	             
113.782	             
113.792	7.44E-03
113.846	             
113.856	7.43E-03
113.91	             
113.92	7.44E-03
113.974	             
113.984	7.43E-03
114.038	             
114.048	7.47E-03
114.102	             
114.112	7.46E-03
114.176	7.45E-03
114.198	             
114.24	7.49E-03
114.262	             
114.304	7.47E-03
114.326	             
114.368	7.47E-03
114.39	             
114.432	7.45E-03
114.454	             
114.496	7.45E-03
114.518	             
114.582	             
114.592	7.49E-03
114.646	             
114.656	7.49E-03
114.71	             
114.72	7.49E-03
114.774	             
114.784	7.47E-03
114.838	             
114.848	7.49E-03
114.902	             
114.912	7.51E-03
114.976	7.51E-03
114.998	             
115.04	7.47E-03
115.062	             
115.104	7.46E-03
115.126	             
115.168	7.44E-03
115.19	             
115.232	7.46E-03
115.254	             
115.296	7.48E-03
115.318	             
115.382	             
115.392	7.45E-03
115.446	             
115.455	7.45E-03
115.51	             
115.52	7.44E-03
115.574	             
115.583	7.45E-03
115.638	             
115.647	7.44E-03
115.702	             
115.711	7.47E-03
115.776	7.49E-03
115.798	             
115.84	7.60E-03
115.862	             
115.903	7.74E-03
115.926	             
115.967	7.85E-03
115.99	             
116.031	8.05E-03
116.054	             
116.095	8.13E-03
116.118	             
116.182	             
116.191	8.16E-03
116.246	             
116.255	8.07E-03
116.31	             
116.319	7.87E-03
116.374	             
116.383	7.64E-03
116.438	             
116.447	7.32E-03
116.502	             
116.511	6.88E-03
116.575	6.38E-03
116.598	             
116.639	5.90E-03
116.662	             
116.703	5.51E-03
116.726	             
116.767	5.54E-03
116.79	             
116.831	5.67E-03
116.854	             
116.895	6.09E-03
116.918	             
116.982	             
116.991	6.09E-03
117.046	             
117.055	5.99E-03
117.11	             
117.119	5.92E-03
117.174	             
117.183	5.85E-03
117.238	             
117.247	5.99E-03
117.302	             
117.311	6.10E-03
117.375	6.25E-03
117.398	             
117.439	6.28E-03
117.462	             
117.503	6.31E-03
117.526	             
117.567	6.29E-03
117.59	             
117.632	6.35E-03
117.655	             
117.696	6.33E-03
117.719	             
117.783	             
117.792	6.25E-03
117.847	             
117.856	6.32E-03
117.911	             
117.92	6.40E-03
117.975	             
117.984	6.41E-03
118.039	             
118.048	6.61E-03
118.103	             
118.112	6.76E-03
118.176	6.95E-03
118.199	             
118.24	7.15E-03
118.263	             
118.304	7.38E-03
118.327	             
118.368	7.50E-03
118.391	             
118.432	7.60E-03
118.455	             
118.496	7.57E-03
118.519	             
118.583	             
118.592	7.49E-03
118.647	             
118.656	7.52E-03
118.711	             
118.72	7.23E-03
118.775	             
118.784	6.87E-03
118.839	             
118.849	6.59E-03
118.903	             
118.912	6.53E-03
118.976	6.55E-03
118.999	             
119.04	6.56E-03
119.063	             
119.104	6.56E-03
119.127	             
119.168	6.55E-03
119.191	             
119.232	6.46E-03
119.255	             
119.296	6.42E-03
119.319	             
119.383	             
119.392	6.47E-03
119.447	             
119.456	6.46E-03
119.511	             
119.52	6.49E-03
119.575	             
119.584	6.50E-03
119.639	             
119.648	6.48E-03
119.703	             
119.712	6.40E-03
119.776	5.83E-03
119.799	             
119.84	5.29E-03
119.863	             
119.904	5.34E-03
119.927	             
119.968	5.47E-03
119.991	             
120.032	5.61E-03
120.055	             
120.096	5.79E-03
120.119	             
120.16	5.91E-03
120.183	             
120.247	             
120.256	6.01E-03
120.311	             
120.32	6.11E-03
120.375	             
120.384	6.26E-03
120.439	             
120.448	6.26E-03
120.503	             
120.512	6.31E-03
120.576	6.43E-03
120.599	             
120.64	6.55E-03
120.663	             
120.704	6.55E-03
120.727	             
120.768	6.33E-03
120.791	             
120.832	6.50E-03
120.855	             
120.896	6.69E-03
120.919	             
120.96	6.94E-03
120.983	             
121.047	             
121.056	7.14E-03
121.111	             
121.12	7.23E-03
121.175	             
121.184	7.32E-03
121.239	             
121.248	7.34E-03
121.303	             
121.312	7.32E-03
121.376	7.22E-03
121.399	             
121.44	7.02E-03
121.463	             
121.504	6.82E-03
121.527	             
121.568	6.56E-03
121.591	             
121.632	6.20E-03
121.655	             
121.696	5.87E-03
121.719	             
121.76	5.81E-03
121.783	             
121.847	             
121.856	5.68E-03
121.911	             
121.92	5.18E-03
121.975	             
121.984	4.89E-03
122.039	             
122.048	5.00E-03
122.103	             
122.112	4.83E-03
122.176	4.72E-03
122.199	             
122.24	4.72E-03
122.263	             
122.304	4.99E-03
122.327	             
122.368	4.93E-03
122.391	             
122.432	4.90E-03
122.455	             
122.496	4.87E-03
122.519	             
122.56	4.89E-03
122.583	             
122.647	             
122.656	4.91E-03
122.711	             
122.72	5.09E-03
122.775	             
122.784	5.34E-03
122.839	             
122.848	5.43E-03
122.903	             
122.912	5.52E-03
122.976	5.58E-03
122.999	             
123.04	5.59E-03
123.063	             
123.104	5.61E-03
123.127	             
123.168	5.69E-03
123.191	             
123.232	5.72E-03
123.255	             
123.296	5.87E-03
123.319	             
123.36	5.93E-03
123.383	             
123.447	             
123.456	6.06E-03
123.511	             
123.52	6.19E-03
123.575	             
123.584	6.23E-03
123.639	             
123.648	6.34E-03
123.703	             
123.712	6.42E-03
123.767	             
123.776	6.58E-03
123.84	6.66E-03
123.863	             
123.904	6.74E-03
123.927	             
123.968	6.81E-03
123.991	             
124.032	6.77E-03
124.055	             
124.096	6.78E-03
124.119	             
124.16	6.76E-03
124.183	             
124.247	             
124.256	6.75E-03
124.311	             
124.32	6.55E-03
124.375	             
124.384	6.15E-03
124.439	             
124.448	6.12E-03
124.503	             
124.512	6.14E-03
124.567	             
124.576	6.14E-03
124.64	6.12E-03
124.663	             
124.704	6.03E-03
124.727	             
124.768	5.95E-03
124.791	             
124.832	5.95E-03
124.855	             
124.896	5.94E-03
124.919	             
124.96	5.92E-03
124.983	             
125.047	             
125.056	5.87E-03
125.111	             
125.12	5.82E-03
125.175	             
125.184	5.72E-03
125.239	             
125.248	5.60E-03
125.303	             
125.312	5.47E-03
125.367	             
125.376	4.86E-03
125.44	4.44E-03
125.463	             
125.504	4.58E-03
125.527	             
125.568	4.87E-03
125.591	             
125.632	5.18E-03
125.655	             
125.696	5.41E-03
125.719	             
125.76	5.60E-03
125.783	             
125.847	             
125.856	5.70E-03
125.911	             
125.92	5.89E-03
125.975	             
125.984	6.07E-03
126.039	             
126.048	6.24E-03
126.103	             
126.112	6.37E-03
126.167	             
126.176	6.40E-03
126.24	6.49E-03
126.263	             
126.304	6.54E-03
126.327	             
126.368	6.49E-03
126.391	             
126.432	6.43E-03
126.455	             
126.496	6.39E-03
126.519	             
126.56	6.28E-03
126.583	             
126.647	             
126.656	6.19E-03
126.711	             
126.72	6.20E-03
126.775	             
126.784	6.20E-03
126.839	             
126.848	6.14E-03
126.903	             
126.912	5.99E-03
126.967	             
126.976	5.76E-03
127.04	5.58E-03
127.063	             
127.104	5.38E-03
127.127	             
127.168	5.12E-03
127.191	             
127.232	4.86E-03
127.255	             
127.296	4.65E-03
127.319	             
127.36	4.47E-03
127.383	             
127.447	             
127.456	4.38E-03
127.511	             
127.52	4.29E-03
127.575	             
127.584	4.23E-03
127.639	             
127.648	4.20E-03
127.703	             
127.712	4.20E-03
127.767	             
127.776	4.17E-03
127.84	4.16E-03
127.863	             
127.904	4.19E-03
127.927	             
127.968	4.19E-03
127.99	             
128.032	4.25E-03
128.055	             
128.096	4.37E-03
128.119	             
128.16	4.47E-03
128.182	             
128.246	             
128.256	4.84E-03
128.31	             
128.32	5.11E-03
128.374	             
128.384	5.21E-03
128.438	             
128.448	5.22E-03
128.502	             
128.512	5.31E-03
128.566	             
128.576	5.30E-03
128.64	5.45E-03
128.662	             
128.704	6.06E-03
128.726	             
128.768	6.14E-03
128.79	             
128.832	6.16E-03
128.854	             
128.896	6.17E-03
128.918	             
128.96	6.18E-03
128.982	             
129.046	             
129.056	6.15E-03
129.11	             
129.12	6.17E-03
129.174	             
129.184	6.18E-03
129.238	             
129.248	6.16E-03
129.302	             
129.312	6.12E-03
129.366	             
129.376	6.12E-03
129.44	6.09E-03
129.462	             
129.504	6.07E-03
129.526	             
129.568	6.04E-03
129.59	             
129.632	6.01E-03
129.654	             
129.696	5.87E-03
129.718	             
129.76	5.70E-03
129.782	             
129.846	             
129.856	5.63E-03
129.91	             
129.92	5.57E-03
129.974	             
129.984	5.60E-03
130.038	             
130.048	5.60E-03
130.102	             
130.112	5.62E-03
130.166	             
130.176	5.60E-03
130.24	5.61E-03
130.262	             
130.304	5.49E-03
130.326	             
130.368	4.80E-03
130.39	             
130.432	4.37E-03
130.454	             
130.496	4.47E-03
130.518	             
130.56	4.54E-03
130.582	             
130.646	             
130.656	4.74E-03
130.71	             
130.72	4.92E-03
130.774	             
130.784	5.03E-03
130.838	             
130.848	5.14E-03
130.902	             
130.912	5.33E-03
130.966	             
130.976	5.43E-03
131.04	5.48E-03
131.062	             
131.104	5.55E-03
131.126	             
131.168	5.64E-03
131.19	             
131.232	5.56E-03
131.254	             
131.296	5.33E-03
131.318	             
131.36	5.44E-03
131.382	             
131.446	             
131.456	5.58E-03
131.51	             
131.52	5.69E-03
131.574	             
131.584	5.73E-03
131.638	             
131.648	5.71E-03
131.702	             
131.712	5.66E-03
131.766	             
131.776	5.58E-03
131.84	5.49E-03
131.862	             
131.904	5.39E-03
131.926	             
131.968	5.26E-03
131.99	             
132.032	5.14E-03
132.054	             
132.096	4.95E-03
132.118	             
132.16	4.90E-03
132.182	             
132.246	             
132.256	4.89E-03
132.31	             
132.32	4.80E-03
132.374	             
132.384	4.60E-03
132.438	             
132.448	4.38E-03
132.502	             
132.512	4.20E-03
132.566	             
132.576	4.19E-03
132.64	4.20E-03
132.662	             
132.704	4.14E-03
132.726	             
132.768	4.17E-03
132.79	             
132.832	4.17E-03
132.854	             
132.896	4.15E-03
132.918	             
132.96	4.12E-03
132.982	             
133.024	4.10E-03
133.046	             
133.11	             
133.12	4.09E-03
133.174	             
133.184	4.13E-03
133.238	             
133.248	4.23E-03
133.302	             
133.312	4.26E-03
133.366	             
133.376	4.30E-03
133.44	4.32E-03
133.462	             
133.504	4.38E-03
133.526	             
133.567	4.36E-03
133.59	             
133.632	4.39E-03
133.654	             
133.696	4.41E-03
133.718	             
133.76	4.46E-03
133.782	             
133.823	4.46E-03
133.846	             
133.91	             
133.92	4.54E-03
133.974	             
133.984	4.58E-03
134.038	             
134.048	4.62E-03
134.102	             
134.112	4.70E-03
134.166	             
134.176	4.93E-03
134.24	5.24E-03
134.262	             
134.304	5.30E-03
134.326	             
134.368	5.35E-03
134.39	             
134.431	5.41E-03
134.454	             
134.496	5.41E-03
134.518	             
134.56	5.43E-03
134.582	             
134.624	5.45E-03
134.646	             
134.71	             
134.72	5.56E-03
134.774	             
134.783	5.58E-03
134.838	             
134.848	5.54E-03
134.902	             
134.911	5.39E-03
134.966	             
134.975	4.95E-03
135.039	4.92E-03
135.062	             
135.104	4.73E-03
135.127	             
135.168	4.71E-03
135.191	             
135.233	4.70E-03
135.255	             
135.297	4.69E-03
135.319	             
135.36	4.74E-03
135.383	             
135.424	4.69E-03
135.447	             
135.511	             
135.52	4.65E-03
135.575	             
135.584	4.53E-03
135.639	             
135.648	4.33E-03
135.703	             
135.712	4.24E-03
135.767	             
135.776	4.44E-03
135.84	4.59E-03
135.863	             
135.904	4.61E-03
135.927	             
135.968	4.73E-03
135.991	             
136.032	4.77E-03
136.055	             
136.096	4.58E-03
136.119	             
136.16	4.34E-03
136.183	             
136.224	4.51E-03
136.247	             
136.311	             
136.32	4.74E-03
136.375	             
136.384	4.84E-03
136.439	             
136.448	4.91E-03
136.503	             
136.512	5.08E-03
136.567	             
136.576	5.16E-03
136.631	             
136.64	5.21E-03
136.704	5.25E-03
136.727	             
136.768	5.26E-03
136.791	             
136.832	5.27E-03
136.855	             
136.896	5.21E-03
136.919	             
136.96	5.16E-03
136.983	             
137.024	5.10E-03
137.047	             
137.111	             
137.12	5.09E-03
137.175	             
137.184	5.06E-03
137.239	             
137.248	5.03E-03
137.303	             
137.312	4.93E-03
137.367	             
137.376	4.79E-03
137.431	             
137.44	4.69E-03
137.504	4.59E-03
137.527	             
